0.013
0.025
0.025
0.017
0.005
0.005
-0.007
0.006
0.002
0.012
0.005
0.023
0.021
0.006
0.002
0.008
0.016
0.016
0.009
0.012
-0.002
-0.016
-0.011
-0.009
-0.002
-0.019
-0.018
-0.022
-0.041
-0.017
-0.021
-0.012
0.007
-0.007
-0.017
-0.025
-0.027
-0.017
-0.028
-0.043
-0.038
-0.047
-0.034
-0.048
-0.038
-0.044
-0.039
-0.043
-0.054
-0.036
-0.042
-0.035
-0.032
-0.052
-0.052
-0.072
-0.070
-0.085
-0.070
-0.062
-0.061
-0.051
-0.074
-0.076
-0.062
-0.060
-0.050
-0.067
-0.063
-0.068
-0.075
-0.061
-0.061
-0.062
-0.084
-0.069
-0.081
-0.053
-0.056
-0.051
-0.051
-0.049
-0.052
-0.041
-0.037
-0.022
-0.028
-0.044
-0.017
-0.014
-0.019
-0.013
-0.011
-0.000
0.008
0.002
0.006
-0.004
0.026
0.033
0.053
0.067
0.058
0.066
0.081
0.078
0.092
0.106
0.104
0.105
0.103
0.104
0.116
0.120
0.118
0.149
0.141
0.147
0.155
0.179
0.196
0.208
0.221
0.229
0.218
0.230
0.231
0.226
0.228
0.234
0.242
0.226
0.220
0.222
0.224
0.241
0.237
0.210
0.208
0.205
0.197
0.198
0.200
0.182
0.168
0.156
0.156
0.122
0.111
0.114
0.115
0.077
0.065
0.054
0.036
0.038
0.011
0.000
-0.023
-0.043
-0.077
-0.078
-0.103
-0.119
-0.140
-0.141
-0.162
-0.197
-0.191
-0.203
-0.206
-0.239
-0.242
-0.265
-0.259
-0.294
-0.298
-0.310
-0.306
-0.317
-0.341
-0.341
-0.330
-0.345
-0.345
-0.361
-0.367
-0.341
-0.336
-0.343
-0.340
-0.335
-0.320
-0.312
-0.314
-0.303
-0.298
-0.309
-0.291
-0.257
-0.256
-0.260
-0.258
-0.217
-0.211
-0.188
-0.166
-0.153
-0.134
-0.122
-0.090
-0.076
-0.055
-0.031
-0.012
0.012
0.020
0.034
0.040
0.066
0.081
0.089
0.130
0.123
0.163
0.173
0.192
0.202
0.221
0.236
0.246
0.268
0.271
0.276
0.302
0.284
0.312
0.314
0.333
0.323
0.310
0.337
0.327
0.345
0.360
0.344
0.337
0.337
0.340
0.322
0.310
0.310
0.318
0.303
0.285
0.264
0.261
0.256
0.230
0.225
0.221
0.210
0.190
0.177
0.149
0.132
0.128
0.114
0.103
0.080
0.058
0.041
0.034
0.021
0.015
0.002
-0.000
-0.031
-0.046
-0.060
-0.058
-0.082
-0.088
-0.100
-0.121
-0.120
-0.141
-0.145
-0.141
-0.155
-0.165
-0.164
-0.164
-0.182
-0.165
-0.183
-0.178
-0.171
-0.168
-0.165
-0.163
-0.142
-0.158
-0.152
-0.141
-0.153
-0.149
-0.147
-0.135
-0.115
-0.110
-0.110
-0.108
-0.107
-0.090
-0.078
-0.064
-0.050
-0.034
-0.037
-0.013
-0.009
-0.004
0.007
0.005
-0.001
0.007
0.019
0.013
0.019
0.020
0.022
0.057
0.050
0.050
0.040
0.059
0.067
0.064
0.066
0.062
0.067
0.068
0.053
0.055
0.053
0.044
0.051
0.045
0.029
0.016
0.037
0.010
0.025
0.033
0.015
0.005
0.003
-0.008
-0.014
-0.011
-0.032
-0.020
-0.031
-0.048
-0.056
-0.062
-0.060
-0.054
-0.075
-0.074
-0.067
-0.090
-0.078
-0.093
-0.107
-0.097
-0.094
-0.093
-0.092
-0.088
-0.107
-0.102
-0.079
-0.074
-0.069
-0.085
-0.080
-0.063
-0.073
-0.056
-0.058
-0.059
-0.042
-0.043
-0.051
-0.023
-0.019
-0.002
-0.008
0.004
0.010
0.007
0.056
0.040
0.046
0.078
0.090
0.093
0.098
0.103
0.109
0.122
0.136
0.144
0.145
0.147
0.136
0.159
0.136
0.162
0.164
0.183
0.175
0.167
0.179
0.202
0.198
0.177
0.178
0.189
0.175
0.191
0.172
0.147
0.140
0.152
0.131
0.126
0.127
0.130
0.116
0.102
0.088
0.074
0.077
0.062
0.047
0.044
0.011
0.001
-0.024
-0.023
-0.045
-0.059
-0.079
-0.076
-0.081
-0.091
-0.092
-0.119
-0.132
-0.132
-0.157
-0.148
-0.199
-0.170
-0.194
-0.191
-0.207
-0.199
-0.226
-0.212
-0.208
-0.220
-0.225
-0.225
-0.228
-0.221
-0.227
-0.218
-0.245
-0.232
-0.219
-0.218
-0.223
-0.208
-0.199
-0.197
-0.185
-0.181
-0.166
-0.162
-0.133
-0.120
-0.119
-0.111
-0.109
-0.091
-0.085
-0.077
-0.052
-0.033
-0.031
-0.028
-0.017
-0.005
0.028
0.034
0.029
0.035
0.052
0.075
0.107
0.099
0.107
0.135
0.135
0.112
0.115
0.120
0.128
0.132
0.153
0.150
0.140
0.147
0.159
0.186
0.180
0.184
0.176
0.191
0.187
0.178
0.194
0.190
0.183
0.174
0.167
0.153
0.159
0.149
0.154
0.131
0.117
0.122
0.105
0.096
0.088
0.100
0.091
0.087
0.056
0.050
0.027
0.042
0.041
0.022
0.006
0.007
-0.015
-0.014
-0.008
-0.027
-0.027
-0.027
-0.033
-0.066
-0.046
-0.059
-0.063
-0.071
-0.072
-0.093
-0.094
-0.083
-0.092
-0.100
-0.099
-0.100
-0.098
-0.103
-0.089
-0.095
-0.086
-0.070
-0.092
-0.088
-0.102
-0.093
-0.098
-0.086
-0.081
-0.077
-0.082
-0.076
-0.058
-0.057
-0.037
-0.032
-0.030
-0.037
-0.018
-0.010
-0.013
0.007
0.012
0.007
0.012
-0.005
0.012
0.022
0.030
0.031
0.023
0.028
0.036
0.031
0.037
0.049
0.059
0.044
0.039
0.022
0.038
0.045
0.039
0.024
0.017
0.001
0.005
0.006
-0.001
-0.007
0.004
-0.006
-0.012
-0.014
-0.020
-0.023
-0.011
-0.020
-0.029
-0.040
-0.040
-0.033
-0.039
-0.038
-0.043
-0.044
-0.030
-0.035
-0.036
-0.029
-0.019
-0.015
-0.024
-0.015
-0.009
0.007
0.028
0.009
0.012
0.011
0.048
0.036
0.022
0.043
0.029
0.025
0.037
0.042
0.035
0.043
0.037
0.044
0.017
0.019
0.020
0.020
0.013
0.005
0.014
0.001
-0.001
-0.021
-0.009
-0.012
-0.024
-0.023
-0.034
-0.044
-0.035
-0.055
-0.048
-0.056
-0.059
-0.070
-0.083
-0.087
-0.084
-0.067
-0.076
-0.080
-0.106
-0.080
-0.092
-0.109
-0.117
-0.086
-0.094
-0.095
-0.129
-0.107
-0.118
-0.117
-0.117
-0.115
-0.116
-0.116
-0.119
-0.111
-0.125
-0.107
-0.109
-0.112
-0.113
-0.115
-0.093
-0.086
-0.088
-0.076
-0.087
-0.078
-0.066
-0.069
-0.079
-0.062
-0.061
-0.070
-0.074
-0.057
-0.055
-0.043
-0.026
-0.017
-0.044
-0.032
-0.024
-0.004
-0.010
0.002
0.008
0.016
0.003
0.017
0.006
0.028
0.016
0.029
0.045
0.037
0.046
0.066
0.070
0.082
0.088
0.085
0.079
0.086
0.087
0.116
0.112
0.113
0.121
0.141
0.121
0.142
0.150
0.163
0.152
0.174
0.168
0.171
0.186
0.186
0.185
0.165
0.183
0.192
0.194
0.197
0.211
0.221
0.211
0.205
0.213
0.210
0.196
0.220
0.212
0.195
0.191
0.186
0.171
0.173
0.178
0.152
0.162
0.154
0.146
0.154
0.133
0.131
0.134
0.108
0.095
0.090
0.080
0.065
0.057
0.043
0.040
0.015
0.005
-0.010
-0.034
-0.035
-0.071
-0.063
-0.097
-0.102
-0.121
-0.119
-0.138
-0.159
-0.154
-0.182
-0.180
-0.208
-0.220
-0.233
-0.240
-0.255
-0.278
-0.273
-0.293
-0.303
-0.314
-0.321
-0.322
-0.334
-0.340
-0.330
-0.317
-0.335
-0.348
-0.339
-0.343
-0.359
-0.348
-0.332
-0.338
-0.347
-0.331
-0.325
-0.312
-0.320
-0.302
-0.274
-0.286
-0.261
-0.259
-0.247
-0.236
-0.209
-0.193
-0.173
-0.174
-0.154
-0.151
-0.132
-0.100
-0.096
-0.082
-0.068
-0.043
-0.024
0.010
0.015
0.041
0.050
0.059
0.071
0.089
0.104
0.113
0.143
0.153
0.170
0.184
0.205
0.246
0.242
0.235
0.261
0.267
0.287
0.285
0.280
0.276
0.287
0.299
0.300
0.295
0.294
0.315
0.313
0.303
0.289
0.293
0.283
0.306
0.277
0.285
0.273
0.267
0.261
0.262
0.242
0.226
0.209
0.206
0.199
0.180
0.168
0.153
0.126
0.137
0.108
0.092
0.085
0.070
0.057
0.062
0.036
0.031
0.017
0.008
-0.008
-0.028
-0.029
-0.050
-0.053
-0.074
-0.080
-0.084
-0.082
-0.098
-0.119
-0.123
-0.117
-0.130
-0.115
-0.124
-0.140
-0.132
-0.147
-0.153
-0.146
-0.151
-0.139
-0.144
-0.151
-0.150
-0.148
-0.132
-0.127
-0.140
-0.111
-0.138
-0.104
-0.113
-0.115
-0.106
-0.087
-0.082
-0.075
-0.078
-0.070
-0.043
-0.054
-0.036
-0.041
-0.034
-0.019
0.008
-0.019
-0.003
0.008
-0.004
0.007
-0.001
0.015
0.031
0.044
0.033
0.040
0.048
0.041
0.059
0.042
0.063
0.058
0.052
0.037
0.055
0.052
0.064
0.045
0.043
0.047
0.055
0.039
0.041
0.042
0.042
0.036
0.026
0.042
0.014
0.035
0.028
0.027
0.010
-0.001
-0.001
0.001
-0.003
-0.020
-0.030
-0.032
-0.060
-0.083
-0.098
-0.102
-0.092
-0.092
-0.102
-0.123
-0.099
-0.099
-0.062
-0.080
-0.056
-0.063
-0.078
-0.079
-0.070
-0.074
-0.079
-0.064
-0.082
-0.073
-0.063
-0.068
-0.057
-0.053
-0.049
-0.047
-0.039
-0.051
-0.026
-0.033
-0.028
-0.001
0.001
0.002
0.008
-0.000
0.013
0.031
0.046
0.029
0.053
0.039
0.042
0.061
0.074
0.077
0.063
0.080
0.073
0.075
0.091
0.109
0.106
0.118
0.120
0.109
0.099
0.114
0.125
0.119
0.116
0.103
0.081
0.097
0.105
0.069
0.092
0.087
0.082
0.075
0.072
0.063
0.078
0.072
0.048
0.050
0.047
0.039
0.035
0.023
0.012
0.009
0.004
-0.017
-0.030
-0.035
-0.049
-0.022
-0.045
-0.088
-0.077
-0.090
-0.081
-0.074
-0.079
-0.092
-0.104
-0.107
-0.110
-0.099
-0.105
-0.113
-0.119
-0.131
-0.133
-0.140
-0.129
-0.132
-0.119
-0.137
-0.128
-0.115
-0.139
-0.111
-0.099
-0.116
-0.099
-0.090
-0.105
-0.083
-0.080
-0.072
-0.085
-0.043
-0.046
-0.047
-0.045
-0.047
-0.015
-0.014
-0.024
-0.008
0.006
0.025
0.032
0.032
0.065
0.050
0.048
0.069
0.070
0.071
0.083
0.106
0.105
0.098
0.138
0.127
0.132
0.151
0.133
0.148
0.140
0.131
0.141
0.136
0.161
0.143
0.140
0.120
0.146
0.148
0.163
0.149
0.152
0.139
0.145
0.134
0.125
0.125
0.120
0.117
0.093
0.064
0.098
0.084
0.088
0.070
0.049
0.059
0.053
0.044
0.039
0.021
0.034
0.024
0.025
-0.004
-0.003
-0.015
-0.018
-0.015
-0.023
-0.026
-0.041
-0.035
-0.032
-0.038
-0.062
-0.051
-0.063
-0.067
-0.051
-0.061
-0.056
-0.056
-0.057
-0.061
-0.086
-0.071
-0.070
-0.084
-0.070
-0.089
-0.088
-0.082
-0.091
-0.066
-0.060
-0.055
-0.063
-0.060
-0.060
-0.042
-0.034
-0.045
-0.010
-0.032
-0.027
-0.023
-0.010
-0.010
-0.004
-0.023
-0.012
-0.024
0.003
-0.009
-0.005
-0.013
-0.004
-0.006
-0.014
-0.043
-0.041
-0.032
-0.036
-0.031
-0.056
-0.038
-0.048
-0.055
-0.045
-0.054
-0.050
-0.046
-0.045
-0.067
-0.052
-0.049
-0.056
-0.067
-0.063
-0.073
-0.063
-0.058
-0.047
-0.023
-0.024
-0.010
-0.015
-0.014
-0.005
0.021
0.004
0.024
0.016
0.016
0.026
0.024
0.036
0.042
0.031
0.023
0.036
0.046
0.038
0.050
0.049
0.044
0.029
0.049
0.055
0.027
0.022
0.037
0.023
0.030
0.016
0.006
0.018
0.012
0.008
-0.008
-0.009
-0.015
-0.005
0.001
-0.025
-0.015
-0.014
-0.001
-0.024
-0.015
-0.021
-0.025
-0.029
-0.041
-0.044
-0.046
-0.033
-0.044
-0.062
-0.056
-0.053
-0.057
-0.059
-0.071
-0.054
-0.048
-0.051
-0.045
-0.055
-0.057
-0.047
-0.065
-0.068
-0.081
-0.072
-0.062
-0.059
-0.078
-0.068
-0.056
-0.047
-0.057
-0.057
-0.067
-0.055
-0.035
-0.037
-0.047
-0.042
-0.048
-0.044
-0.041
-0.032
-0.035
-0.034
-0.029
-0.012
-0.020
-0.002
0.001
-0.023
-0.007
-0.005
0.016
-0.008
0.002
0.019
0.020
0.016
0.015
0.025
0.047
0.048
0.043
0.062
0.060
0.066
0.055
0.072
0.063
0.076
0.070
0.079
0.084
0.090
0.080
0.108
0.099
0.090
0.092
0.111
0.108
0.105
0.113
0.125
0.129
0.128
0.116
0.125
0.119
0.134
0.121
0.116
0.113
0.119
0.130
0.120
0.115
0.110
0.118
0.119
0.104
0.115
0.125
0.133
0.128
0.115
0.126
0.112
0.115
0.097
0.102
0.094
0.088
0.086
0.077
0.074
0.080
0.084
0.075
0.068
0.034
0.044
0.033
0.048
0.053
0.020
0.029
0.005
0.011
-0.009
-0.015
-0.013
-0.027
-0.040
-0.051
-0.038
-0.047
-0.057
-0.060
-0.067
-0.092
-0.098
-0.117
-0.118
-0.107
-0.128
-0.130
-0.142
-0.164
-0.146
-0.153
-0.139
-0.158
-0.152
-0.163
-0.183
-0.181
-0.181
-0.177
-0.197
-0.208
-0.214
-0.223
-0.201
-0.196
-0.215
-0.221
-0.209
-0.213
-0.192
-0.210
-0.202
-0.210
-0.184
-0.188
-0.196
-0.207
-0.182
-0.167
-0.176
-0.178
-0.181
-0.161
-0.151
-0.145
-0.143
-0.128
-0.110
-0.103
-0.093
-0.105
-0.073
-0.061
-0.048
-0.034
-0.034
-0.015
-0.025
-0.014
0.010
0.020
0.021
0.028
0.027
0.054
0.051
0.071
0.083
0.094
0.097
0.116
0.112
0.137
0.141
0.164
0.180
0.173
0.165
0.166
0.180
0.193
0.202
0.194
0.197
0.204
0.201
0.190
0.206
0.235
0.210
0.216
0.194
0.196
0.193
0.203
0.197
0.192
0.186
0.190
0.174
0.162
0.159
0.180
0.181
0.156
0.143
0.120
0.123
0.110
0.121
0.080
0.081
0.072
0.067
0.050
0.044
0.038
0.017
0.004
0.004
-0.014
-0.023
-0.016
-0.025
-0.037
-0.057
-0.052
-0.048
-0.043
-0.057
-0.076
-0.062
-0.085
-0.076
-0.093
-0.078
-0.070
-0.076
-0.081
-0.098
-0.103
-0.097
-0.100
-0.090
-0.098
-0.080
-0.094
-0.097
-0.111
-0.087
-0.075
-0.087
-0.086
-0.079
-0.088
-0.076
-0.076
-0.076
-0.057
-0.057
-0.058
-0.055
-0.037
-0.026
-0.011
-0.019
-0.029
-0.019
0.019
0.009
0.022
0.026
0.036
0.035
0.029
0.037
0.035
0.041
0.049
0.022
0.028
0.031
0.023
0.028
0.017
0.021
0.018
0.031
0.010
0.014
0.018
0.019
0.022
0.026
0.013
0.004
-0.004
0.019
0.004
-0.009
-0.010
-0.010
-0.009
-0.019
-0.019
-0.037
-0.024
-0.025
-0.049
-0.048
-0.036
-0.048
-0.044
-0.055
-0.072
-0.067
-0.062
-0.076
-0.079
-0.079
-0.082
-0.077
-0.086
-0.080
-0.085
-0.072
-0.083
-0.072
-0.060
-0.064
-0.069
-0.074
-0.071
-0.052
-0.055
-0.057
-0.059
-0.073
-0.051
-0.052
-0.052
-0.028
-0.040
-0.009
-0.021
-0.017
-0.011
0.009
0.014
0.017
-0.001
0.012
0.018
0.044
0.034
0.036
0.036
0.034
0.055
0.033
0.045
0.066
0.067
0.059
0.059
0.081
0.086
0.083
0.081
0.075
0.094
0.098
0.089
0.080
0.069
0.100
0.080
0.086
0.076
0.059
0.062
0.062
0.067
0.061
0.061
0.056
0.035
0.053
0.041
0.031
0.041
0.028
0.015
0.007
0.008
0.002
-0.010
-0.020
-0.013
-0.029
-0.030
-0.036
-0.043
-0.044
-0.041
-0.066
-0.076
-0.080
-0.074
-0.071
-0.090
-0.082
-0.075
-0.082
-0.079
-0.099
-0.087
-0.088
-0.073
-0.083
-0.092
-0.096
-0.100
-0.092
-0.090
-0.092
-0.114
-0.098
-0.102
-0.088
-0.070
-0.080
-0.064
-0.055
-0.056
-0.051
-0.037
-0.034
-0.040
-0.040
-0.032
-0.013
-0.014
-0.018
-0.029
-0.014
-0.016
-0.003
0.011
0.015
0.015
0.030
0.045
0.029
0.041
0.059
0.063
0.051
0.056
0.071
0.075
0.059
0.082
0.056
0.080
0.077
0.100
0.074
0.071
0.072
0.122
0.135
0.127
0.119
0.132
0.135
0.129
0.122
0.124
0.121
0.091
0.070
0.077
0.070
0.071
0.055
0.056
0.054
0.049
0.046
0.044
0.047
0.039
0.043
0.028
0.015
0.005
0.012
0.026
0.005
0.005
-0.007
-0.013
-0.023
-0.030
-0.024
-0.028
-0.026
-0.032
-0.037
-0.040
-0.039
-0.038
-0.051
-0.077
-0.070
-0.051
-0.069
-0.071
-0.073
-0.074
-0.066
-0.065
-0.083
-0.079
-0.047
-0.058
-0.057
-0.074
-0.066
-0.076
-0.070
-0.068
-0.071
-0.082
-0.064
-0.075
-0.080
-0.087
-0.070
-0.048
-0.059
-0.069
-0.070
-0.064
-0.068
-0.064
-0.079
-0.064
-0.072
-0.076
-0.087
-0.085
-0.083
-0.080
-0.064
-0.092
-0.084
-0.071
-0.075
-0.066
-0.074
-0.064
-0.066
-0.076
-0.054
-0.065
-0.049
-0.047
-0.046
-0.040
-0.060
-0.037
-0.032
-0.033
-0.021
-0.040
-0.026
-0.033
-0.019
0.010
-0.002
0.011
-0.001
0.003
0.007
0.037
0.025
0.015
0.015
0.012
0.019
0.017
0.025
0.022
0.034
0.033
0.044
0.037
0.020
0.048
0.048
0.039
0.044
0.048
0.044
0.055
0.042
0.041
0.049
0.054
0.055
0.042
0.026
0.049
0.061
0.050
0.031
0.050
0.035
0.025
0.018
0.019
0.036
0.029
0.019
0.025
0.019
0.025
0.012
0.022
0.036
0.026
0.004
0.003
-0.001
0.003
-0.003
-0.007
-0.026
-0.028
-0.032
-0.037
-0.027
-0.025
-0.038
-0.035
-0.043
-0.033
-0.042
-0.037
-0.027
-0.039
-0.031
-0.055
-0.065
-0.050
-0.050
-0.062
-0.053
-0.044
-0.065
-0.054
-0.077
-0.064
-0.059
-0.038
-0.050
-0.067
-0.059
-0.044
-0.059
-0.038
-0.031
-0.036
-0.011
-0.042
-0.035
-0.028
-0.019
-0.040
-0.010
-0.039
-0.037
-0.034
-0.011
-0.011
-0.004
-0.000
-0.008
0.014
-0.002
0.017
0.034
0.028
0.029
0.006
0.016
0.036
0.034
0.033
0.034
0.050
0.040
0.041
0.050
0.056
0.052
0.066
0.054
0.055
0.057
0.073
0.080
0.082
0.071
0.085
0.075
0.089
0.086
0.079
0.098
0.095
0.094
0.083
0.096
0.074
0.094
0.085
0.085
0.085
0.075
0.069
0.072
0.065
0.081
0.091
0.099
0.084
0.088
0.084
0.087
0.070
0.086
0.065
0.047
0.044
0.039
0.051
0.048
0.039
0.045
0.012
0.024
0.023
0.035
0.045
0.015
0.027
0.005
0.022
0.007
0.007
-0.025
0.007
-0.013
-0.037
-0.027
-0.036
-0.022
-0.046
-0.048
-0.054
-0.062
-0.062
-0.080
-0.071
-0.074
-0.066
-0.079
-0.096
-0.088
-0.094
-0.070
-0.078
-0.102
-0.113
-0.098
-0.128
-0.133
-0.137
-0.126
-0.143
-0.136
-0.125
-0.133
-0.137
-0.140
-0.126
-0.132
-0.149
-0.147
-0.133
-0.128
-0.129
-0.114
-0.130
-0.131
-0.131
-0.133
-0.119
-0.107
-0.104
-0.096
-0.099
-0.091
-0.091
-0.085
-0.072
-0.077
-0.068
-0.077
-0.071
-0.054
-0.034
-0.019
-0.021
-0.005
-0.005
0.010
-0.003
0.016
0.024
0.018
0.035
0.034
0.049
0.043
0.061
0.065
0.077
0.073
0.081
0.104
0.095
0.113
0.108
0.130
0.141
0.150
0.138
0.139
0.147
0.163
0.149
0.138
0.149
0.143
0.154
0.162
0.165
0.164
0.169
0.179
0.150
0.161
0.164
0.165
0.160
0.167
0.154
0.151
0.142
0.150
0.154
0.138
0.110
0.107
0.103
0.104
0.099
0.081
0.081
0.075
0.067
0.053
0.057
0.064
0.041
0.037
0.031
0.034
0.021
0.017
0.003
0.002
-0.025
-0.021
-0.022
-0.027
-0.029
-0.035
-0.057
-0.036
-0.062
-0.051
-0.071
-0.074
-0.061
-0.066
-0.070
-0.073
-0.093
-0.086
-0.074
-0.083
-0.071
-0.072
-0.062
-0.065
-0.077
-0.071
-0.071
-0.070
-0.061
-0.075
-0.066
-0.058
-0.052
-0.049
-0.063
-0.063
-0.046
-0.043
-0.036
-0.028
-0.020
-0.022
-0.024
-0.023
-0.022
-0.001
-0.019
-0.024
-0.031
-0.013
-0.008
-0.007
-0.017
-0.002
0.006
0.024
0.024
0.017
0.017
0.041
0.031
0.033
0.009
0.024
0.001
0.023
0.027
0.019
0.013
0.001
0.016
0.011
0.011
0.027
0.022
0.017
0.030
0.008
0.026
0.011
0.021
0.015
0.014
0.008
-0.006
0.004
-0.003
-0.010
-0.016
-0.015
-0.028
-0.018
-0.020
-0.020
-0.016
-0.028
-0.031
-0.032
-0.033
-0.040
-0.030
-0.024
-0.006
-0.028
-0.036
-0.029
-0.049
-0.030
-0.029
-0.034
-0.034
-0.014
-0.023
-0.026
-0.020
-0.011
-0.022
-0.020
-0.037
-0.015
-0.004
-0.006
0.004
0.000
-0.001
0.003
0.008
-0.006
0.016
0.013
0.031
0.017
0.022
0.040
0.011
0.030
0.035
0.024
0.031
0.026
0.026
0.027
0.028
0.047
0.043
0.047
0.047
0.052
0.070
0.070
0.055
0.059
0.049
0.040
0.047
0.019
0.032
0.032
0.033
0.031
0.019
0.038
0.033
0.033
0.034
0.044
0.014
0.022
0.019
0.023
0.021
0.004
-0.001
-0.012
-0.006
-0.016
-0.013
0.006
-0.006
-0.017
-0.022
-0.018
-0.017
-0.026
-0.027
-0.013
-0.020
-0.035
-0.035
-0.029
-0.031
-0.042
-0.044
-0.059
-0.054
-0.049
-0.058
-0.059
-0.067
-0.046
-0.039
-0.056
-0.068
-0.064
-0.048
-0.035
-0.036
-0.052
-0.060
-0.044
-0.038
-0.042
-0.037
-0.026
-0.025
-0.034
-0.030
-0.032
-0.019
-0.016
-0.006
-0.007
-0.015
-0.001
-0.001
0.021
0.011
0.009
0.013
0.015
0.006
0.029
0.025
0.039
0.045
0.047
0.046
0.047
0.037
0.065
0.057
0.061
0.046
0.035
0.051
0.045
0.064
0.057
0.042
0.048
0.065
0.051
0.075
0.063
0.067
0.081
0.064
0.049
0.058
0.057
0.078
0.054
0.057
0.053
0.034
0.048
0.034
0.050
0.031
0.039
0.037
0.026
0.030
0.033
0.025
0.037
0.021
0.013
0.002
0.011
0.008
-0.007
-0.017
-0.004
-0.007
-0.025
-0.026
-0.010
-0.014
-0.014
-0.019
-0.035
-0.033
-0.024
-0.013
-0.017
-0.011
-0.012
-0.030
-0.019
-0.026
-0.014
-0.033
-0.019
-0.029
-0.040
-0.054
-0.036
-0.028
-0.041
-0.030
-0.037
-0.033
-0.047
-0.034
-0.035
-0.034
-0.047
-0.051
-0.045
-0.052
-0.038
-0.053
-0.049
-0.052
-0.065
-0.071
-0.057
-0.053
-0.047
-0.041
-0.043
-0.066
-0.056
-0.049
-0.049
-0.041
-0.051
-0.041
-0.039
-0.042
-0.025
-0.048
-0.035
-0.016
-0.014
-0.031
-0.036
-0.040
-0.031
-0.017
-0.026
-0.032
-0.033
-0.043
-0.027
-0.009
-0.006
-0.017
0.014
0.005
0.001
0.000
0.010
0.009
0.002
-0.002
-0.001
0.005
0.008
0.004
-0.005
0.035
0.022
0.021
0.026
0.016
0.034
0.017
0.032
0.024
0.022
0.016
0.034
0.035
0.032
0.016
0.041
0.034
0.021
0.025
0.015
0.022
0.038
0.018
0.016
0.016
0.020
0.005
0.005
0.006
0.017
0.011
0.003
0.019
0.013
0.007
0.010
0.015
-0.009
-0.012
0.003
-0.009
-0.006
-0.009
-0.023
-0.030
-0.022
-0.030
-0.029
-0.011
-0.010
-0.026
-0.016
-0.034
-0.019
-0.020
-0.018
-0.013
-0.028
-0.043
-0.044
-0.036
-0.036
-0.027
-0.030
-0.029
-0.030
-0.022
-0.027
-0.040
-0.021
-0.034
-0.050
-0.042
-0.041
-0.047
-0.031
-0.020
-0.039
-0.023
-0.014
-0.018
-0.031
-0.031
-0.020
-0.006
-0.024
-0.017
-0.033
-0.029
-0.013
-0.004
-0.015
-0.010
-0.019
-0.003
0.010
0.014
0.014
0.037
0.031
0.010
0.028
0.017
0.018
0.022
0.026
0.032
0.023
0.019
0.043
0.028
0.040
0.039
0.049
0.035
0.037
0.072
0.051
0.055
0.047
0.049
0.037
0.052
0.066
0.054
0.071
0.066
0.058
0.056
0.054
0.067
0.059
0.056
0.068
0.066
0.062
0.055
0.067
0.052
0.051
0.049
0.057
0.047
0.042
0.046
0.037
0.036
0.030
0.047
0.028
0.028
0.040
0.028
0.014
0.026
0.027
0.025
0.005
0.017
0.009
0.006
0.003
-0.013
-0.019
-0.002
-0.005
-0.021
-0.007
-0.024
-0.021
-0.023
-0.031
-0.019
-0.043
-0.035
-0.038
-0.038
-0.058
-0.068
-0.069
-0.062
-0.063
-0.075
-0.073
-0.045
-0.062
-0.062
-0.064
-0.078
-0.077
-0.079
-0.097
-0.092
-0.098
-0.110
-0.101
-0.109
-0.101
-0.124
-0.115
-0.102
-0.108
-0.100
-0.097
-0.114
-0.096
-0.092
-0.100
-0.091
-0.099
-0.100
-0.097
-0.101
-0.096
-0.099
-0.090
-0.087
-0.094
-0.087
-0.088
-0.079
-0.077
-0.066
-0.067
-0.060
-0.052
-0.052
-0.041
-0.050
-0.047
-0.045
-0.028
-0.023
-0.028
-0.033
-0.007
-0.026
-0.007
0.008
0.001
0.005
0.021
0.027
0.023
0.041
0.029
0.045
0.057
0.064
0.050
0.076
0.070
0.070
0.066
0.099
0.079
0.082
0.085
0.107
0.104
0.107
0.101
0.114
0.115
0.129
0.121
0.101
0.113
0.108
0.116
0.108
0.106
0.104
0.114
0.108
0.123
0.111
0.102
0.109
0.095
0.093
0.098
0.088
0.075
0.070
0.086
0.064
0.062
0.059
0.047
0.052
0.058
0.025
0.039
0.033
0.039
0.040
0.029
0.015
0.022
-0.016
-0.009
-0.010
-0.010
-0.018
-0.025
-0.031
-0.042
-0.040
-0.027
-0.029
-0.033
-0.031
-0.034
-0.038
-0.049
-0.063
-0.044
-0.055
-0.067
-0.060
-0.067
-0.063
-0.065
-0.069
-0.049
-0.072
-0.063
-0.055
-0.053
-0.060
-0.061
