0.043
0.018
0.033
-0.017
-0.03
-0.035
-0.014
0.026
-0.007
-0.005
0.012
0.018
-0.015
-0.019
0.016
-0.026
-0.046
-0.031
-0.015
-0.017
-0.054
-0.045
-0.031
-0.016
-0.025
-0.044
-0.036
0.008
-0.024
0.013
-0.054
-0.022
0.011
0.031
0.017
0.002
-0.044
0.026
-0.005
-0.018
-0.031
-0.007
0.02
0.008
0.003
-0.015
-0.016
0.02
0.017
0.054
0.019
0.031
0.051
0.021
0.044
0.012
0.029
0.012
0.029
0.039
0.032
0.056
0.059
0.042
0.055
0.024
0.064
0.037
0.078
0.075
0.079
0.081
0.081
0.069
0.067
0.08
0.077
0.129
0.116
0.113
0.091
0.079
0.093
0.123
0.133
0.12
0.076
0.055
0.114
0.136
0.088
0.11
0.1
0.117
0.108
0.096
0.1
0.11
0.131
0.134
0.093
0.094
0.065
0.1
0.095
0.069
0.014
0.064
0.035
0.08
0.035
0.047
0.037
0.033
-0.004
0.031
-0.02
0.01
-0.005
-0.031
-0.08
-0.07
-0.076
-0.072
-0.061
-0.044
-0.142
-0.157
-0.15
-0.084
-0.071
-0.074
-0.171
-0.179
-0.154
-0.16
-0.257
-0.303
-0.267
-0.236
-0.253
-0.219
-0.218
-0.287
-0.345
-0.313
-0.182
-0.226
-0.313
-0.372
-0.303
-0.288
-0.247
-0.272
-0.273
-0.306
-0.309
-0.262
-0.208
-0.219
-0.256
-0.262
-0.225
-0.199
-0.175
-0.186
-0.185
-0.198
-0.12
-0.111
-0.114
-0.141
-0.1
-0.065
0.001
-0.015
-0.024
0.01
0.038
0.093
0.093
0.127
0.143
0.127
0.15
0.133
0.163
0.219
0.244
0.221
0.23
0.243
0.273
0.281
0.324
0.307
0.332
0.29
0.323
0.345
0.363
0.33
0.337
0.36
0.374
0.355
0.362
0.35
0.372
0.354
0.368
0.319
0.331
0.329
0.346
0.329
0.303
0.273
0.244
0.265
0.25
0.241
0.27
0.198
0.229
0.185
0.174
0.149
0.149
0.15
0.092
0.092
0.041
0.002
0.037
-0.009
0.011
-0.001
-0.019
-0.067
-0.145
-0.089
-0.128
-0.118
-0.126
-0.161
-0.194
-0.19
-0.213
-0.215
-0.246
-0.219
-0.239
-0.248
-0.28
-0.274
-0.28
-0.258
-0.326
-0.313
-0.309
-0.266
-0.308
-0.295
-0.305
-0.277
-0.268
-0.263
-0.279
-0.24
-0.234
-0.214
-0.234
-0.247
-0.206
-0.192
-0.165
-0.208
-0.203
-0.211
-0.16
-0.184
-0.167
-0.158
-0.109
-0.091
-0.105
-0.112
-0.07
-0.064
-0.017
-0.015
-0.003
-0.048
0.02
-0.005
0.026
0.041
0.059
0.079
0.078
0.103
0.063
0.077
0.105
0.098
0.1
0.107
0.081
0.133
0.132
0.145
0.117
0.108
0.091
0.11
0.096
0.126
0.091
0.103
0.097
0.122
0.06
0.082
0.055
0.068
0.065
0.084
0.017
0.027
0.011
0.038
0.057
0.012
0.019
-0.014
-0.006
-0.011
-0.053
-0.031
-0.015
-0.004
-0.029
-0.083
-0.058
-0.033
-0.027
-0.041
-0.075
-0.089
-0.082
-0.05
-0.086
-0.083
-0.025
-0.051
-0.058
-0.071
-0.068
-0.055
0.002
-0.047
-0.017
-0.052
-0.031
-0.053
-0.02
-0.032
-0.001
-0.027
-0.009
0.015
-0.007
0.016
0.03
0.026
0.048
0.057
0.057
0.075
0.089
0.086
0.081
0.097
0.09
0.121
0.097
0.133
0.104
0.101
0.097
0.13
0.088
0.137
0.128
0.129
0.142
0.128
0.113
0.101
0.114
0.152
0.081
0.137
0.077
0.088
0.106
0.11
0.054
0.06
0.049
0.036
0.009
-0.002
0.012
0.023
0.007
-0.04
-0.054
-0.109
-0.04
-0.048
-0.034
-0.089
-0.113
-0.127
-0.092
-0.119
-0.153
-0.161
-0.139
-0.185
-0.157
-0.207
-0.204
-0.216
-0.167
-0.217
-0.203
-0.21
-0.187
-0.2
-0.18
-0.217
-0.211
-0.212
-0.2
-0.221
-0.176
-0.207
-0.185
-0.201
-0.175
-0.222
-0.201
-0.204
-0.142
-0.115
-0.135
-0.122
-0.138
-0.097
-0.073
-0.079
-0.048
-0.074
-0.003
-0.008
-0.023
-0.012
0.039
0.042
0.063
0.072
0.048
0.079
0.105
0.118
0.105
0.114
0.146
0.11
0.131
0.172
0.195
0.174
0.191
0.185
0.2
0.211
0.223
0.216
0.228
0.211
0.252
0.204
0.223
0.196
0.235
0.212
0.21
0.19
0.217
0.189
0.218
0.2
0.191
0.214
0.202
0.15
0.142
0.141
0.181
0.169
0.138
0.07
0.111
0.094
0.091
0.05
0.032
0.027
0.027
0.022
0.011
-0.03
-0.011
0.001
-0.031
-0.073
-0.095
-0.072
-0.046
-0.076
-0.119
-0.1
-0.109
-0.108
-0.143
-0.191
-0.307
-0.18
-0.16
-0.151
-0.185
-0.167
-0.139
-0.14
-0.193
-0.181
-0.165
-0.136
-0.147
-0.151
-0.15
-0.167
-0.141
-0.13
-0.144
-0.12
-0.109
-0.111
-0.134
-0.142
-0.062
-0.074
-0.08
-0.116
-0.122
0.01
-0.045
-0.068
-0.128
0.008
0.049
-0.057
-0.087
0.043
0.095
-0.094
-0.107
0.055
0.125
-0.013
-0.052
0.026
0.089
0.008
0.064
0.074
0.058
-0.017
0.031
0.062
0.093
0.028
0.048
0.067
0.052
0.057
0.051
0.057
0.081
0.09
0.063
0.031
0.039
0.07
0.041
0.054
-0.006
0.029
0.007
0.009
-0.006
0.011
0.003
0.03
-0.037
-0.012
-0.026
0.004
-0.032
-0.014
-0.052
-0.037
-0.065
-0.042
-0.076
-0.037
-0.067
-0.048
-0.065
-0.06
-0.052
-0.035
-0.03
-0.023
-0.007
-0.008
-0.047
-0.03
-0.026
0.011
0.025
-0.009
-0.021
-0.029
0.018
0.02
0.012
0.028
0.029
0.019
0.022
-0.006
0.006
0.011
0.04
0.019
0.021
0.03
0.021
0.017
0.034
0.059
0.039
0.006
0.039
-0.024
-0.042
-0.007
0.007
-0.018
-0.042
-0.076
-0.044
-0.058
-0.048
-0.039
-0.058
-0.068
-0.1
-0.055
-0.069
-0.032
-0.085
-0.041
-0.072
-0.08
-0.08
-0.056
-0.086
-0.03
-0.067
-0.01
-0.061
-0.035
-0.037
-0.014
-0.028
-0.017
0
-0.004
0.021
-0.017
0.023
0.013
-0.004
-0.009
0.023
0.018
0.051
0.022
0.065
0.027
0.02
0.027
0.068
0.078
0.084
0.057
0.103
0.071
0.112
0.082
0.103
0.111
0.125
0.131
0.103
0.078
0.131
0.117
0.151
0.121
0.11
0.08
0.134
0.117
0.121
0.102
0.155
0.107
0.138
0.133
0.169
0.114
0.144
0.126
0.136
0.11
0.125
0.125
0.164
0.123
0.132
0.079
0.103
0.084
0.116
0.124
0.093
0.078
0.101
0.085
0.086
0.084
0.094
0.085
0.077
0.042
0.035
0.046
0.063
0.067
0.049
0.011
0.019
0.047
0.011
-0.015
-0.013
-0.001
-0.001
-0.009
-0.061
-0.03
-0.08
-0.036
-0.052
-0.066
-0.104
-0.068
-0.07
-0.1
-0.14
-0.113
-0.144
-0.171
-0.152
-0.162
-0.175
-0.176
-0.182
-0.23
-0.205
-0.195
-0.236
-0.219
-0.209
-0.226
-0.196
-0.272
-0.239
-0.234
-0.229
-0.248
-0.253
-0.273
-0.28
-0.25
-0.269
-0.265
-0.265
-0.233
-0.233
-0.26
-0.261
-0.239
-0.196
-0.21
-0.238
-0.234
-0.19
-0.153
-0.179
-0.134
-0.172
-0.101
-0.152
-0.12
-0.135
-0.111
-0.055
-0.066
-0.026
-0.053
-0.038
-0.006
0.028
0.046
0.047
0.048
0.108
0.137
0.111
0.12
0.178
0.189
0.161
0.166
0.214
0.223
0.232
0.241
0.269
0.291
0.252
0.269
0.321
0.29
0.343
0.309
0.325
0.314
0.369
0.353
0.379
0.352
0.365
0.361
0.354
0.324
0.316
0.316
0.337
0.316
0.304
0.297
0.297
0.326
0.318
0.252
0.274
0.263
0.276
0.229
0.215
0.212
0.23
0.196
0.148
0.153
0.143
0.113
0.137
0.089
0.061
0.049
0.021
-0.018
-0.031
-0.023
-0.023
-0.038
-0.09
-0.071
-0.108
-0.097
-0.125
-0.122
-0.183
-0.152
-0.196
-0.178
-0.223
-0.196
-0.227
-0.189
-0.252
-0.259
-0.288
-0.241
-0.231
-0.236
-0.293
-0.258
-0.255
-0.189
-0.257
-0.273
-0.273
-0.245
-0.21
-0.186
-0.216
-0.237
-0.223
-0.245
-0.205
-0.179
-0.143
-0.215
-0.21
-0.152
-0.052
-0.142
-0.137
-0.188
-0.105
-0.048
-0.049
-0.14
-0.033
-0.046
-0.074
-0.02
0.057
-0.008
-0.078
-0.001
0.119
0.007
-0.059
0.039
0.09
0.069
0.019
0.05
0.123
0.059
0.078
0.098
0.115
0.138
0.122
0.123
0.097
0.145
0.13
0.155
0.057
0.078
0.079
0.086
0.096
0.17
0.038
0.075
0.067
0.063
0.079
0.073
0.057
0.077
0.092
0.066
0.018
0.054
0.059
0.048
-0.015
0.033
0.014
-0.051
-0.065
0.016
-0.002
-0.015
-0.082
-0.04
-0.014
-0.028
-0.037
-0.045
-0.007
-0.031
-0.063
-0.088
0.004
-0.032
0.002
-0.052
-0.063
-0.074
-0.047
-0.033
-0.037
-0.049
-0.03
-0.054
0.012
0.06
0.011
-0.032
-0.02
-0.015
-0.024
-0.032
-0.033
0.03
0.031
0.024
-0.002
0.054
0.025
0.024
0.044
0.1
0.062
0.044
0.052
0.033
-0.06
-0.142
-0.043
0.101
0.086
0.082
0.044
0.093
0.069
0.136
0.094
0.074
0.083
0.113
0.1
0.1
0.047
0.093
0.081
0.082
0.026
0.07
0.042
0.088
0.056
0.05
0.026
0.032
0.061
0.035
0.012
0.019
0.033
0.009
-0.01
-0.019
-0.024
-0.028
-0.03
-0.068
-0.068
-0.087
-0.062
-0.112
-0.086
-0.079
-0.142
-0.094
-0.096
-0.104
-0.073
-0.089
-0.089
-0.105
-0.101
-0.115
-0.087
-0.084
-0.099
-0.12
-0.105
-0.121
-0.11
-0.091
-0.093
-0.103
-0.085
-0.079
-0.091
-0.108
-0.1
-0.003
-0.066
-0.045
-0.072
-0.041
-0.019
0.019
-0.022
-0.028
-0.005
0.003
-0.007
0.073
0.09
0.059
-0.052
0.001
0.091
0.187
0.073
0.025
0.058
0.123
0.171
0.132
0.04
0.09
0.131
0.127
0.167
0.137
0.116
0.076
0.138
0.169
0.183
0.155
0.099
0.101
0.119
0.118
0.138
0.126
0.139
0.107
0.115
0.16
0.114
0.078
0.128
0.09
0.075
0.044
0.053
0.035
0.035
0.073
0.046
-0.001
0.047
-0.016
0.004
-0.015
0.013
0.005
-0.033
-0.038
-0.065
-0.057
-0.064
-0.067
-0.107
-0.081
-0.087
-0.079
-0.13
-0.121
-0.119
-0.103
-0.113
-0.135
-0.145
-0.125
-0.139
-0.065
-0.134
-0.134
-0.157
-0.141
-0.121
-0.126
-0.153
-0.111
-0.162
-0.115
-0.153
-0.092
-0.126
-0.102
-0.131
-0.145
-0.121
-0.099
-0.095
-0.091
-0.077
-0.044
-0.065
-0.094
-0.058
-0.055
-0.036
-0.011
-0.034
-0.038
-0.024
-0.032
-0.015
-0.06
-0.002
-0.015
-0.032
-0.028
-0.03
-0.004
0.019
-0.021
0.017
0.006
0.068
0.024
0.026
-0.008
0.049
0.062
0.024
0.036
0.005
0.029
0.069
0.05
0.008
0.007
0.011
0.028
-0.018
0.003
-0.009
0.009
-0
-0.015
-0.018
0.016
-0.014
-0.001
-0.03
-0.021
0.001
0
0.017
0.006
-0.038
0.008
-0.017
0.01
0.002
0.033
0.004
0.057
0.05
0.057
0.006
0.071
0.044
0.072
0.041
0.07
0.072
0.081
0.094
0.085
0.071
0.058
0.059
0.034
0.084
0.056
0.049
0.037
0.042
0.015
0.036
0.007
0.013
0.046
0.056
0
0.009
-0.004
0.02
-0.019
0.005
-0.023
-0.037
-0.052
-0.011
-0.056
-0.044
-0.053
-0.024
-0.03
-0.045
-0.053
-0.03
-0.005
-0.033
-0.036
-0.02
-0.051
-0.011
-0.041
-0.021
-0.037
-0.013
-0.025
-0.044
-0.042
-0.05
-0.034
-0.025
-0.004
-0.012
-0.007
-0.013
0.015
-0.002
0.013
-0.016
0.009
0.003
0.024
0.041
0.047
0.004
0.051
0.009
0.03
-0.021
0.024
0.04
0.076
0.014
0.03
0.017
0.065
0.048
0.089
0.023
0.053
0.08
0.108
0.082
0.089
0.071
0.111
0.097
0.081
0.053
0.053
0.085
0.097
0.059
0.048
0.074
0.053
0.063
0.095
0.098
0.064
0.097
0.111
0.092
0.083
0.091
0.1
0.113
0.095
0.061
0.064
0.084
0.061
0.048
0.052
0.048
0.028
0.027
0.032
0.068
0.042
0.028
0.031
0.034
0.019
0.017
0.019
0.024
0.008
0.017
-0.002
-0.02
-0
-0.019
-0
-0.054
-0.036
-0.071
-0.064
-0.078
-0.081
-0.063
-0.045
-0.079
-0.077
-0.114
-0.073
-0.102
-0.06
-0.088
-0.105
-0.11
-0.109
-0.082
-0.115
-0.134
-0.145
-0.133
-0.139
-0.156
-0.154
-0.12
-0.136
-0.132
-0.149
-0.158
-0.147
-0.155
-0.163
-0.164
-0.165
-0.104
-0.169
-0.118
-0.156
-0.111
-0.149
-0.154
-0.16
-0.155
-0.171
-0.164
-0.137
-0.142
-0.141
-0.137
-0.129
-0.158
-0.11
-0.122
-0.094
-0.099
-0.11
-0.082
-0.05
-0.083
-0.043
-0.073
-0.02
-0.044
-0.042
-0.043
-0.031
0.019
0.023
0.009
-0.006
-0.014
0.069
0.035
0.08
0.058
0.07
0.06
0.111
0.064
0.134
0.111
0.164
0.096
0.12
0.12
0.166
0.157
0.201
0.166
0.165
0.165
0.175
0.194
0.205
0.204
0.225
0.205
0.231
0.214
0.251
0.215
0.259
0.211
0.214
0.228
0.207
0.225
0.191
0.188
0.208
0.197
0.172
0.146
0.134
0.268
0.164
0.193
0.075
0.172
0.17
0.18
0.109
0.107
0.158
0.142
0.024
0.037
0.184
0.121
-0.071
-0.022
0.132
0.09
-0.074
-0.054
0.021
-0.014
-0.071
-0.035
-0.036
-0.066
-0.086
-0.073
-0.083
-0.103
-0.105
-0.107
-0.085
-0.103
-0.133
-0.172
-0.132
-0.149
-0.148
-0.181
-0.137
-0.182
-0.16
-0.222
-0.168
-0.21
-0.159
-0.166
-0.177
-0.18
-0.175
-0.179
-0.162
-0.191
-0.129
-0.17
-0.165
-0.161
-0.163
-0.149
-0.162
-0.117
-0.123
-0.092
-0.115
-0.134
-0.088
-0.087
-0.061
-0.065
-0.066
-0.026
-0.024
0.054
0.096
0.023
-0.02
-0.001
-0.016
-0.026
-0.014
0.019
0.03
0.005
-0.002
0.038
0.018
0.049
0.051
0.036
0.032
0.065
0.046
0.059
0.034
0.049
0.077
0.092
0.063
0.048
0.036
0.039
0.076
0.067
0.049
0.032
0.035
0.017
0.017
0.013
0.06
0.03
0.018
0.025
-0.004
-0.006
0.042
0.002
0.017
-0.015
-0.001
-0.032
0.004
-0.044
-0.037
-0.109
-0.07
-0.051
-0.018
-0.028
-0.034
-0.064
-0.011
-0.033
-0.044
-0.06
-0.04
-0.019
-0.008
-0.009
-0.07
-0.047
-0.035
-0.054
-0.045
-0.033
-0.044
-0.015
-0.045
-0.047
-0.06
0.015
0.017
0.03
-0.004
-0.006
0.012
0.043
0.043
0.034
0.013
0.013
0.017
0.05
0.033
0.053
0.044
0.049
0.059
0.069
0.067
0.086
0.063
0.108
0.088
0.082
0.104
0.07
0.106
0.103
0.115
0.08
0.103
0.069
0.094
0.065
0.083
0.043
0.088
0.056
0.065
0.019
0.034
0.06
0.043
0.017
0.044
0.007
0.031
0.023
0.062
0.02
0.019
-0.002
0.001
-0.014
-0.018
-0.024
-0.029
-0.055
-0.029
-0.08
-0.062
-0.041
-0.064
-0.089
-0.107
-0.07
-0.067
-0.048
-0.08
-0.105
-0.055
-0.059
-0.091
-0.083
-0.086
-0.058
-0.076
-0.065
-0.102
-0.095
-0.121
-0.066
-0.099
-0.063
-0.095
-0.064
-0.095
-0.035
-0.074
-0.047
-0.046
-0.014
-0.017
-0.026
-0.018
0
-0.011
0.03
-0.016
-0.004
-0.015
0.022
0.028
0.043
0.031
0.009
0.034
0.08
0.065
0.024
0.068
0.061
0.097
0.09
0.057
0.062
0.115
0.116
0.107
0.075
0.09
0.089
0.113
0.091
0.103
0.079
0.112
0.074
0.09
0.034
0.094
0.108
0.115
0.06
0.069
0.07
0.075
0.08
0.09
0.055
0.037
0.025
0.051
0.033
0.002
0.044
-0.004
0.02
-0.023
0.033
-0.003
0.011
-0.024
-0.009
-0.015
-0.008
-0.038
-0.009
-0.017
-0.04
-0.067
-0.051
-0.081
-0.054
-0.107
-0.064
-0.099
-0.048
-0.095
-0.102
-0.103
-0.085
-0.054
-0.061
-0.06
-0.073
-0.065
-0.076
-0.092
-0.111
-0.095
-0.081
-0.06
-0.073
-0.096
-0.1
-0.083
-0.079
-0.07
-0.109
-0.069
-0.073
-0.031
-0.062
-0.057
-0.059
-0.04
-0.061
-0.046
-0.027
-0.008
-0.034
-0.018
-0.052
-0.03
-0.02
-0.032
-0.023
0.024
-0.026
0.007
-0.027
0.02
-0.02
0.017
0.023
0.024
-0
0.032
0.007
0.009
-0.006
0.023
0.061
0.018
-0.009
0.022
0.088
0.067
0.036
-0.044
0.003
0.044
0.097
0.066
0.033
-0.019
0.027
0.058
0.07
0.002
0.066
0.051
0.076
0.077
0.091
0.031
0.064
0.112
0.037
0.052
0.148
0.119
0.007
0.005
0.173
0.145
0.048
0.072
0.07
0.085
0.048
0.108
0.142
0.079
0.061
0.071
0.095
0.104
0.097
0.087
0.05
0.063
0.036
0.063
0.032
0.056
0.05
0.069
0.024
0.08
0.026
0.015
0.04
0.068
0.016
0.025
0.006
0.024
0.065
0.052
-0.031
-0.015
0.023
0.018
-0.047
-0.045
0.021
0.005
-0.033
-0.062
-0.014
-0.041
-0.026
-0.014
-0.018
-0.037
-0.014
-0.028
0.022
-0.024
-0.022
-0.046
-0.024
-0.017
-0.041
-0.078
-0.031
-0.047
-0.032
-0.058
-0.058
-0.071
-0.013
-0.031
-0.031
-0.044
0.007
-0.038
-0.01
-0.009
0.021
0.001
0.004
0.013
0.001
0.003
-0.008
-0.019
0.002
0.014
-0.013
-0.002
0.031
0.027
0.053
0.01
0.013
0.023
0.067
0.085
0.034
0.06
0.065
0.069
0.051
0.059
0.032
0.128
0.06
0.089
0.047
0.049
0.016
0.111
0.063
0.062
0.033
0.081
0.071
0.103
0.073
0.076
0.107
0.093
0.083
0.081
0.066
0.084
0.063
0.067
0.063
0.037
0.056
0.049
0.075
0.03
0.057
0.046
0.04
0.002
0.021
0.025
0.045
0.036
0.063
0.023
0.036
0.003
0.039
0.032
0.04
0.007
-0.023
-0.012
-0.034
-0.023
-0.025
-0.001
-0.051
-0.007
-0.046
-0.028
-0.031
-0.02
-0.042
-0.046
-0.095
-0.056
-0.022
-0.024
-0.105
-0.064
-0.041
-0.007
-0.107
-0.112
-0.141
-0.052
-0.025
-0.051
-0.133
-0.125
-0.11
-0.037
-0.066
-0.02
-0.1
-0.141
-0.12
-0.037
0.017
-0.076
-0.16
-0.132
-0.061
-0.097
-0.052
-0.097
-0.122
-0.098
-0.102
-0.058
-0.067
-0.088
-0.099
-0.095
-0.027
-0.038
-0.051
-0.079
-0.059
-0.044
-0.029
-0.026
-0.053
-0.046
-0.021
-0.045
-0.019
0.025
-0.025
-0.065
-0.043
0.008
0.032
0.009
0.048
0.016
0.045
0.042
0.075
0.041
0.026
0.065
0.102
0.087
0.07
0.086
0.091
0.124
0.124
0.082
0.089
0.113
0.138
0.14
0.13
0.144
0.148
0.16
0.155
0.128
0.16
0.165
0.154
0.171
0.16
0.174
0.15
0.187
0.141
0.171
0.119
0.152
0.117
0.112
0.14
0.149
0.171
0.149
0.125
0.131
0.125
0.119
0.116
0.121
0.071
0.081
0.038
0.078
0.075
0.086
0.06
0.03
0.043
0.031
0.035
-0.009
0.032
-0.006
0.005
-0.019
-0.018
-0.033
-0.006
-0.002
-0.053
-0.07
-0.065
-0.09
-0.05
-0.072
-0.073
-0.109
-0.102
-0.108
-0.084
-0.131
-0.141
-0.119
-0.116
-0.141
-0.147
-0.163
-0.128
-0.13
-0.135
-0.155
-0.153
-0.124
-0.165
-0.15
-0.148
-0.111
-0.149
-0.13
-0.161
-0.131
-0.162
-0.111
-0.109
-0.097
-0.119
-0.101
-0.137
-0.069
-0.094
-0.057
-0.11
-0.089
-0.073
-0.045
-0.065
-0.036
-0.088
-0.049
-0.034
-0.038
-0.038
-0.004
0.004
0.019
-0.025
-0.026
-0.012
0.014
0.066
0.025
0.042
0.049
0.071
0.054
0.025
0.022
0.068
0.056
0.063
0.02
0.031
0.027
0.053
0.042
0.044
0.053
0.039
0.016
0.031
0.035
0.061
0.045
0.031
0.039
0.042
0.05
0.06
0.023
0.028
0.034
0.009
0.022
-0.004
0.014
-0.012
0.003
-0
-0.014
-0.024
-0.034
-0.014
-0.011
-0.041
0.014
-0.015
-0.027
-0.012
-0.012
0.023
-0.006
-0.01
-0.027
-0.022
-0
-0.036
-0.024
-0.061
-0.039
-0.036
-0.002
-0.057
-0.008
-0.014
0.017
-0.019
-0.024
-0.033
0.001
0.001
-0.007
-0.026
-0.007
0.021
0.017
-0.011
-0.002
-0.025
0.007
0.031
-0.008
-0.004
0.039
0.046
0.033
0.039
0.013
0.021
0.032
0.023
0.032
0.042
0.02
0.054
0.042
0.051
0.047
0.055
-0.009
0.053
0.012
0.035
0.015
0.035
0.084
0.026
0.027
0.024
-0.005
0.037
0.032
0.018
0.02
-0.01
0.023
-0.009
0.003
-0.01
-0.007
0.023
0.023
-0.024
0.002
-0.016
0.012
0.001
-0.057
-0.059
-0.039
-0.018
0.009
-0.063
-0.025
-0.047
-0.032
-0.043
-0.026
-0.092
-0.025
-0.031
-0.008
-0.061
-0.082
-0.069
-0.051
-0.03
-0.037
-0.074
-0.022
-0.03
-0.04
-0.058
-0.018
-0.021
-0.022
-0.038
-0.006
-0.017
-0.018
0.009
-0.005
-0.022
-0.044
-0.023
-0.031
-0.014
-0.008
-0.012
-0.02
-0.015
-0.007
0.049
0.012
0.013
0.018
0.044
0.027
0.03
0.004
0.034
0.065
0.064
0.014
0.027
0.051
0.078
0.051
0.048
0.022
0.05
0.031
0.04
0.041
0.043
0.069
0.056
0.082
0.032
0.037
0.069
0.079
0.04
0.082
0.032
0.072
0.044
0.063
0.021
0.037
-0.018
0.046
-0.005
0.016
-0.019
0.004
0.008
0.005
0.004
-0.007
-0.028
0.003
0.023
-0.007
-0.007
-0.034
-0.06
-0.023
-0.034
-0.063
-0.047
-0.057
-0.029
-0.071
-0.05
-0.034
-0.042
-0.014
-0.106
-0.064
-0.01
-0.042
-0.017
-0.148
-0.03
-0.013
-0.015
-0.082
-0.119
-0.019
-0.027
-0.108
-0.089
0.008
-0.065
-0.176
-0.075
0.036
0.007
-0.146
-0.09
0.014
-0.015
-0.068
-0.037
0.025
-0.002
-0.072
-0.033
-0
-0.007
-0.004
-0.035
-0.018
-0.064
-0.025
-0.029
-0.026
-0.043
-0.011
-0.007
-0.019
-0.019
-0.004
-0.005
0.005
0.011
0.001
-0.025
-0.029
-0.034
0.006
-0.015
0.018
-0.045
-0.017
-0.033
-0.01
-0.017
0.008
-0.007
-0.004
-0
0.034
-0.015
0.034
0.04
0.065
0.046
-0.004
0.025
0.044
0.066
0.075
-0
-0.004
0.038
0.051
0.034
0.01
0.035
0.027
0.074
0.027
0.021
0.035
0.05
0.066
0.079
0.048
0.03
0.063
0.079
0.051
0.041
0.032
0.037
0
0.013
-0.003
0.043
0.041
0.025
0.008
0.059
0.04
0.049
0.076
0.055
0.029
0.011
0.005
0.007
0.027
0.002
0.034
0.005
-0.001
-0.034
0.012
0.004
-0.003
0.004
0.002
-0.02
-0.013
-0.048
-0.002
0.001
0.022
-0.047
-0.045
-0.054
0.009
-0.036
-0.028
-0.027
-0.006
-0.041
-0.037
-0.021
-0.032
-0.03
0.022
-0.049
-0.041
-0.044
-0.03
-0.043
-0.022
-0.049
-0.044
-0.012
-0.002
-0.038
-0.011
-0.01
0.028
0.007
-0.021
0.015
-0.006
-0.005
-0.009
0.005
-0.032
-0.007
-0.005
0.04
0.017
0.045
0.006
0.007
0.045
0.035
0.009
0.026
0.031
0.035
0.013
0.044
-0.02
0.047
0.056
0.047
0.001
0.007
0.013
0.059
0.012
0.054
0.014
0.036
0.078
0.054
0.038
0.032
0.064
0.061
0.056
0.017
0.027
0.067
0.092
0.013
0.056
-0.009
0.039
0.027
0.044
0.039
0.052
0.043
0.083
0.017
0.022
0.008
0.055
0.022
0.005
0.06
-0.003
0.003
-0.002
0.005
-0.025
0.003
0.01
-0.007
-0.011
0.004
-0.024
0.011
-0.011
0.002
-0.041
-0.023
-0.013
0.017
-0.014
-0.004
-0.042
-0.039
-0.056
-0.03
-0.034
-0.045
-0.073
-0.04
-0.09
-0.064
-0.097
-0.028
-0.049
-0.031
-0.052
-0.072
-0.089
-0.043
-0.043
-0.031
-0.09
-0.053
-0.07
-0.067
-0.071
-0.075
-0.084
-0.042
-0.083
-0.092
-0.079
-0.082
-0.051
-0.064
-0.082
-0.074
-0.087
-0.065
-0.04
-0.043
-0.035
-0.064
-0.035
-0.055
-0.004
-0.064
-0.017
-0.004
-0.02
-0.032
-0.02
-0.059
-0.021
-0.029
-0.02
-0.038
-0.025
-0.037
0.009
0.017
0.04
-0.015
0.023
0.031
0.035
0.033
0.05
0.022
0.057
0.07
0.02
0.043
0.062
0.074
0.068
0.057
0.044
0.073
0.087
0.106
0.071
0.093
0.081
0.108
0.076
0.109
0.102
0.143
0.131
0.143
0.122
0.096
0.097
0.129
0.147
0.146
0.112
0.086
0.097
0.083
0.11
0.143
0.127
0.103
0.114
0.119
0.115
0.124
0.105
0.12
0.137
0.109
0.088
0.105
0.111
0.092
0.077
0.081
0.053
0.049
0.072
0.054
0.07
0.047
0.047
0.018
0.024
0.027
0.06
0.032
0.046
-0.014
0.007
-0.014
0.005
-0.015
-0.01
-0.046
-0.025
-0.028
-0.082
-0.067
-0.093
-0.102
-0.026
-0.038
-0.072
-0.115
-0.08
-0.076
0.016
-0.046
-0.129
-0.073
-0.084
-0.106
-0.104
-0.128
-0.077
-0.033
-0.151
-0.196
-0.058
0.023
-0.126
-0.195
-0.071
0.008
-0.114
-0.111
-0.08
-0.042
-0.069
-0.065
-0.049
-0.031
-0.059
-0.032
-0.042
-0.037
-0.038
-0.06
-0.075
-0.016
0.003
0.013
-0.021
-0.044
0.009
-0.004
0.036
0.068
0.067
0.033
0.069
