-0.007
0.038
0.025
0.025
-0.035
-0.013
-0.051
0.05
0.053
0.036
-0.039
0.061
0.075
0.023
-0.009
0.037
-0
-0.01
-0.031
0.028
-0.026
-0.046
-0.012
0.01
-0.004
-0.075
-0.056
-0.002
-0.028
0.023
-0.044
-0.052
0.049
0.034
0.008
-0.018
-0.031
-0.018
-0.014
-0.086
-0.057
-0.079
0.022
-0.041
-0.043
-0.105
-0.062
-0.05
-0.031
-0.002
-0.02
-0.029
0.016
-0.041
-0.03
-0.078
-0.053
-0.098
-0.073
-0.101
-0.089
-0.051
-0.076
-0.065
-0.055
-0.1
-0.087
-0.091
-0.042
-0.038
-0.077
-0.039
-0.045
-0.039
-0.123
-0.055
-0.116
-0.003
-0.031
-0.041
-0.087
-0.08
-0.073
0.007
-0.013
0.008
-0.074
-0.106
-0.015
0.027
-0.008
-0.02
-0.015
0.014
-0.002
-0.044
-0.031
-0.01
0.089
0.049
0.045
0.052
0.051
0.095
0.108
0.047
0.047
0.047
0.069
0.134
0.131
0.121
0.194
0.169
0.122
0.179
0.175
0.206
0.257
0.194
0.201
0.157
0.215
0.219
0.168
0.239
0.273
0.184
0.16
0.177
0.41
0.501
0.375
0.207
0.194
0.264
0.309
0.203
0.226
0.203
0.169
0.113
0.205
0.229
0.247
0.112
0.104
0.094
0.184
0.163
0.099
-0.026
0.046
0.095
0.072
0.065
-0.058
-0.055
-0.023
0.018
-0.048
-0.057
-0.144
-0.144
-0.154
-0.088
-0.137
-0.203
-0.192
-0.213
-0.232
-0.293
-0.243
-0.266
-0.244
-0.348
-0.344
-0.356
-0.277
-0.31
-0.339
-0.329
-0.255
-0.333
-0.333
-0.397
-0.388
-0.292
-0.27
-0.329
-0.357
-0.38
-0.313
-0.302
-0.299
-0.271
-0.319
-0.394
-0.355
-0.233
-0.233
-0.253
-0.29
-0.2
-0.238
-0.163
-0.148
-0.123
-0.099
-0.092
-0.072
-0.106
-0.123
-0.038
0.007
0.075
0.003
0.007
-0.022
0.057
0.075
0.069
0.182
0.157
0.22
0.195
0.17
0.194
0.235
0.286
0.264
0.256
0.23
0.236
0.291
0.254
0.313
0.321
0.355
0.32
0.261
0.339
0.341
0.407
0.424
0.344
0.303
0.332
0.373
0.34
0.328
0.326
0.361
0.302
0.283
0.26
0.299
0.284
0.224
0.202
0.212
0.191
0.195
0.165
0.141
0.122
0.145
0.093
0.11
0.077
0.114
0.072
0.073
-0.007
0.016
0.022
0.065
-0.03
-0.047
-0.076
-0.051
-0.122
-0.12
-0.125
-0.132
-0.075
-0.152
-0.182
-0.157
-0.154
-0.155
-0.125
-0.144
-0.191
-0.163
-0.197
-0.211
-0.17
-0.171
-0.142
-0.16
-0.116
-0.202
-0.176
-0.138
-0.149
-0.169
-0.175
-0.169
-0.125
-0.089
-0.065
-0.07
-0.103
-0.089
-0.076
-0.05
-0.027
0
-0.055
0.019
-0.015
-0.009
-0.051
-0.019
-0.026
0.028
0.012
-0.018
-0.026
0.031
0.017
0.142
0.049
0.054
0.041
0.092
0.057
0.047
0.049
0.097
0.087
0.069
-0.017
0.027
0.067
0.07
0.068
0.038
-0.028
-0.018
0.043
-0.023
0.03
0.074
0.052
0.012
-0.009
-0.018
0.006
0.052
-0.007
0.004
-0.04
-0.084
-0.061
-0.095
-0.063
-0.076
-0.109
-0.108
-0.064
-0.125
-0.058
-0.109
-0.101
-0.077
-0.071
-0.098
-0.073
-0.04
-0.082
-0.087
-0.062
-0.099
-0.062
-0.097
-0.071
-0.039
-0.107
-0.045
-0.064
-0.062
-0.077
-0.056
-0.06
0.049
-0.007
-0.005
-0.045
0.028
0.041
0.016
0.063
0.006
0.02
0.135
0.105
0.098
0.071
0.123
0.095
0.104
0.085
0.148
0.175
0.199
0.099
0.159
0.055
0.176
0.181
0.235
0.173
0.149
0.166
0.217
0.183
0.144
0.164
0.216
0.152
0.202
0.147
0.106
0.131
0.194
0.137
0.113
0.13
0.155
0.138
0.129
0.114
0.062
0.093
0.055
0.053
0.039
-0.01
-0.001
-0.019
-0.005
-0.075
-0.14
-0.123
-0.067
-0.027
-0.084
-0.101
-0.169
-0.139
-0.088
-0.155
-0.122
-0.249
-0.123
-0.194
-0.17
-0.225
-0.147
-0.219
-0.188
-0.236
-0.265
-0.264
-0.21
-0.227
-0.203
-0.257
-0.194
-0.288
-0.249
-0.239
-0.179
-0.181
-0.153
-0.219
-0.243
-0.213
-0.157
-0.136
-0.154
-0.114
-0.13
-0.133
-0.134
-0.117
-0.072
-0.07
-0.094
-0.053
-0.026
-0.013
-0.031
0.011
0.001
0.075
0.059
0.011
-0.002
0.047
0.125
0.208
0.097
0.088
0.119
0.154
0.142
0.148
0.111
0.132
0.138
0.203
0.157
0.179
0.209
0.28
0.223
0.165
0.147
0.162
0.248
0.234
0.142
0.179
0.161
0.178
0.134
0.031
-0.111
0.058
0.163
0.169
0.102
0.103
0.165
0.138
0.107
0.048
0.102
0.077
0.116
0.025
0.043
-0.018
0.04
0.03
0.004
-0.004
0.059
-0.018
0.037
-0.012
-0.11
-0.037
0.008
0.057
-0.088
-0.045
-0.064
-0.06
-0.038
-0.098
-0.055
-0.013
-0.073
-0.222
-0.095
0.005
-0.153
-0.255
-0.12
0.038
-0.13
-0.204
-0.093
-0.05
-0.06
-0.125
-0.098
-0.11
-0.096
-0.081
-0.077
-0.064
-0.079
-0.009
-0.072
-0.062
-0.073
-0.024
-0.043
0.031
-0.036
-0.072
-0.026
0.024
0.018
0.027
-0.046
-0.006
0.019
0.035
0.033
0.023
0.056
0.08
0.055
0.019
0.062
0.073
0.057
0.044
0.009
0.03
0.013
-0.024
0.007
0.005
-0.002
-0.024
0.006
-0.025
-0.008
0.015
-0.004
0.012
0.045
0.002
-0.046
-0.051
-0.017
-0.001
-0.008
-0.056
-0.07
-0.085
-0.036
-0.039
-0.064
-0.038
-0.021
-0.028
-0.055
-0.075
-0.07
-0.041
0.025
-0.006
-0.032
0.013
-0.006
0.042
0.015
0.121
0.052
0.023
0.054
0.008
-0.034
0.039
0.078
0.055
0.029
-0.014
0.01
-0.002
0.036
0.055
0.04
0.019
-0.008
0.032
0.013
0.03
-0.02
-0.007
0.001
-0.049
-0.039
-0.07
-0.058
-0.02
-0.054
-0.071
-0.07
-0.092
-0.028
-0.038
-0.028
-0.094
-0.029
-0.051
-0.016
-0.103
-0.029
-0.07
-0.09
-0.141
-0.078
-0.153
-0.089
-0.132
-0.045
-0.164
-0.19
-0.174
-0.086
-0.083
-0.095
-0.143
-0.093
-0.109
-0.076
-0.12
-0.139
-0.097
-0.086
-0.063
-0.101
-0.146
-0.082
-0.091
-0.075
-0.059
-0.092
-0.127
-0.067
-0.065
-0.084
-0.074
-0.025
-0.038
-0.076
-0.017
-0.001
-0.051
-0.046
-0.026
-0.009
-0.047
-0.027
-0.001
0.028
0.029
0.027
-0.031
-0.007
-0.029
0.012
0.062
-0.002
0.032
0.075
0.079
0.058
0.07
0.072
0.111
0.1
0.062
0.093
0.084
0.107
0.148
0.144
0.041
0.094
0.124
0.153
0.084
0.177
0.17
0.187
0.197
0.158
0.161
0.181
0.225
0.222
0.185
0.206
0.234
0.272
0.21
0.197
0.216
0.234
0.139
0.21
0.183
0.198
0.201
0.2
0.138
0.154
0.193
0.145
0.178
0.196
0.195
0.223
0.141
0.112
0.185
0.132
0.136
0.092
0.082
0.048
0.064
0.051
0.065
0.011
0.04
0.008
-0.043
-0.041
-0.083
0.038
-0.039
-0.058
-0.135
-0.08
-0.096
-0.132
-0.133
-0.174
-0.129
-0.156
-0.257
-0.252
-0.259
-0.208
-0.241
-0.232
-0.306
-0.302
-0.301
-0.283
-0.295
-0.319
-0.336
-0.309
-0.279
-0.339
-0.38
-0.32
-0.327
-0.385
-0.39
-0.346
-0.356
-0.373
-0.341
-0.357
-0.331
-0.365
-0.365
-0.29
-0.33
-0.256
-0.284
-0.307
-0.291
-0.214
-0.161
-0.166
-0.193
-0.154
-0.176
-0.153
-0.137
-0.189
-0.134
-0.098
-0.082
-0.129
-0.059
-0.044
0.048
0.04
0.016
-0.007
0.081
0.079
0.081
0.103
0.132
0.191
0.215
0.174
0.227
0.197
0.226
0.26
0.245
0.252
0.259
0.26
0.238
0.224
0.273
0.299
0.319
0.274
0.305
0.308
0.317
0.313
0.318
0.273
0.329
0.25
0.319
0.293
0.287
0.293
0.281
0.248
0.208
0.211
0.221
0.245
0.22
0.237
0.151
0.1
0.163
0.19
0.17
0.166
0.022
-0.006
0.064
0.107
0.109
0.053
0.006
-0.03
-0.043
0.008
-0.035
-0.037
-0.1
-0.02
0.01
-0.069
-0.119
-0.177
-0.079
-0.033
-0.133
-0.169
-0.073
-0.11
-0.147
-0.232
-0.077
-0.048
-0.189
-0.213
-0.107
-0.152
-0.156
-0.163
-0.115
-0.178
-0.227
-0.09
-0.124
-0.078
-0.143
-0.146
-0.089
-0.062
-0.075
-0.064
-0.079
-0.035
0.003
-0.072
-0.089
-0.113
-0.065
-0.038
0.05
-0.014
-0.048
-0.012
-0.055
0.031
0.011
0.049
0.026
0.061
0.04
0.073
0.013
0.024
0.117
0.048
0.015
-0.001
0.03
0.015
0.065
0.042
0.043
0.007
-0.001
0.069
0.065
0.02
0.068
0.097
0.086
0.02
-0.023
0.089
0.087
0.123
0.039
0.001
-0.003
0.006
0.02
0.018
0.007
-0.018
-0.003
0.04
0.175
0.036
-0.011
-0.058
-0.054
-0.089
-0.081
-0.122
-0.027
-0.053
-0.025
-0.115
-0.028
-0.078
-0.118
-0.103
-0.027
-0.033
-0.088
-0.08
-0.145
-0.286
-0.474
-0.277
-0.069
-0.039
-0.065
-0.087
-0.067
-0.045
0.019
-0.035
-0.078
-0.003
0.018
0.049
0.028
-0.035
-0.028
0.054
0.037
-0.063
0.002
0.008
0.026
0.085
0.029
0.044
0.02
0.142
0.086
0.071
0.095
0.166
0.119
0.13
0.095
0.109
0.09
0.138
0.085
0.046
0.096
0.108
0.08
0.097
0.114
0.024
0.095
0.101
0.09
0.108
0.132
0.07
0.103
0.059
0.041
0.089
0.098
0.072
0.071
0.022
0.015
-0.009
0.031
0.022
0.028
-0.057
-0.088
0.058
0.02
-0.127
-0.072
-0.078
-0.027
0.018
-0.065
-0.147
-0.136
-0.023
-0.036
-0.084
-0.178
-0.196
-0.164
-0.093
-0.057
-0.103
-0.175
-0.196
-0.108
-0.075
-0.078
-0.074
-0.195
-0.084
-0.09
-0.149
-0.119
-0.049
-0.145
-0.106
-0.113
-0.067
-0.117
-0.017
-0.083
-0.046
-0.026
-0.044
-0.041
-0.091
-0.103
0
0.018
0.04
0.011
-0.017
0.077
0.058
0.05
0.107
0.08
0.014
0.022
0.103
0.106
0.064
0.134
0.079
0.115
0.156
0.106
0.117
0.119
0.135
0.212
0.133
0.167
0.115
0.181
0.136
0.202
0.122
0.162
0.141
0.18
0.118
0.139
0.141
0.162
0.131
0.084
0.08
0.083
0.077
0.178
0.101
0.106
0.102
0.073
0.104
0.075
0.056
0.063
0.03
0.019
-0
0.017
0.021
0.013
-0.028
-0.069
-0.038
-0.024
0.011
-0.036
0.003
-0
0.004
-0.099
-0.029
-0.053
-0.036
-0.014
-0.049
-0.06
-0.046
-0.059
-0.061
-0.122
-0.063
-0.076
-0.156
-0.11
-0.13
-0.076
-0.057
-0.142
-0.086
-0.056
-0.032
-0.043
-0.093
-0.089
-0.035
0.002
-0.089
-0.024
-0.088
-0
0.017
0.035
-0.048
-0.026
-0.049
0.034
-0.048
0.01
-0.024
0.031
-0.024
-0.006
-0.04
0.018
-0.026
-0.024
-0.05
-0.069
0.001
-0.022
0.019
-0.049
-0.081
-0.042
-0.058
-0.077
-0.064
-0.047
-0.078
-0.046
-0.056
-0.076
-0.073
-0.07
-0.069
-0.069
-0.048
-0.066
-0
-0.064
0.008
-0.026
-0.027
-0.065
0.001
-0.085
0.023
-0.012
-0.011
-0.008
-0.035
-0.029
0.003
-0.016
-0.011
0.07
0.103
0.018
0.025
0.055
0.09
0.052
0.073
0.073
0.009
0.045
0.058
-0.007
0.027
0.036
0.02
0.042
-0.04
-0.016
-0.014
0.05
0.008
0.007
0.027
-0.014
0.013
0.022
0.023
-0.01
0.024
-0.011
-0.072
-0.061
-0.041
-0.013
-0.057
-0.032
-0.087
-0.083
-0.042
-0.037
-0.047
-0.04
-0.068
-0.031
-0.045
-0.038
0.004
0.001
-0.027
-0.031
-0.066
-0.065
-0.105
-0.117
-0.063
-0.037
-0.089
-0.125
-0.108
-0.07
-0.039
-0.055
-0.091
-0.117
-0.011
-0.007
-0.009
-0.038
-0.044
-0.037
0.007
-0.035
-0.075
-0.082
-0.015
0.029
-0.049
-0.052
-0.052
-0.065
-0.009
-0.051
0.041
-0.041
0.019
0.036
0.015
-0.014
0.03
0.055
0.085
0.012
0.021
0.07
0.065
0.066
0.016
0.059
0.022
0.045
0.008
0.062
0.109
0.132
0.037
0.114
0.072
0.093
0.094
0.138
0.095
0.115
0.111
0.141
0.113
0.14
0.13
0.14
0.066
0.088
0.09
0.117
0.102
0.092
0.107
0.124
0.131
0.076
0.096
0.11
0.152
0.156
0.156
0.104
0.121
0.139
0.201
0.118
0.106
0.051
0.122
0.08
0.078
0.067
0.105
0.127
0.115
0.089
0.087
0.102
0.043
0.073
0.014
0.072
0.092
0.038
0.058
0.035
0.067
0.044
-0.003
0.008
-0.038
-0.013
-0.044
0.024
-0.024
-0.034
-0.061
-0.051
-0.098
-0.045
-0.069
-0.082
-0.075
-0.134
-0.09
-0.079
-0.151
-0.121
-0.139
-0.088
-0.134
-0.14
-0.195
-0.199
-0.147
-0.127
-0.189
-0.241
-0.218
-0.165
-0.16
-0.154
-0.153
-0.199
-0.188
-0.194
-0.225
-0.175
-0.174
-0.175
-0.233
-0.244
-0.234
-0.208
-0.202
-0.189
-0.184
-0.258
-0.21
-0.225
-0.173
-0.176
-0.153
-0.177
-0.151
-0.169
-0.129
-0.103
-0.111
-0.082
-0.069
-0.122
-0.065
-0.086
-0.021
-0.089
-0.061
-0.059
-0.036
-0.065
0.014
-0.074
0.005
0.01
0.054
0.089
-0.034
0.01
0.077
0.141
0.142
0.042
0.122
0.217
0.11
0.076
0.208
0.232
0.081
0.102
0.224
0.271
0.147
0.149
0.204
0.262
0.202
0.124
0.255
0.248
0.233
0.17
0.179
0.206
0.233
0.215
0.216
0.191
0.186
0.168
0.225
0.178
0.154
0.195
0.193
0.153
0.107
0.135
0.11
0.144
0.164
0.131
0.087
0.07
0.054
0.061
0.06
0.073
0.075
-0.01
0.029
-0.01
0.015
-0.022
0.033
-0.013
0.032
-0.033
-0.092
-0.048
-0.046
0.003
-0.058
-0.056
-0.057
-0.039
0.072
0.148
0.015
-0.07
-0.083
-0.081
-0.153
-0.09
-0.086
-0.036
-0.104
-0.1
-0.118
-0.096
-0.065
-0.044
-0.114
-0.08
-0.099
-0.086
-0.098
-0.113
-0.119
-0.054
-0.023
-0.042
-0.066
-0.073
-0.088
-0.038
-0.051
-0.074
-0.016
-0.003
-0.006
-0.035
-0.04
0.026
0.02
-0.009
0.071
-0.02
0.039
0.041
0.028
0.009
-0.02
-0.022
-0.018
0.03
0.004
-0.046
-0.098
-0.089
-0.004
0.022
0.036
0.002
-0.008
0.049
0.045
-0.013
-0.01
-0.017
0.066
0.049
0.056
-0.07
-0.043
-0.018
-0.036
-0.047
-0.021
-0.088
-0.025
-0.066
-0.117
-0.095
-0.043
-0.021
-0.028
-0.075
-0.111
-0.063
-0.037
-0.01
-0.073
-0.065
-0.116
-0.069
-0.063
-0.086
-0.101
-0.075
-0.08
-0.058
-0.107
-0.075
-0.057
-0.083
-0.055
-0.06
-0.088
-0.01
-0.072
0.029
-0.032
0.006
-0.022
-0.007
-0.008
0.004
-0.039
-0.002
-0.011
0.037
-0.002
-0.009
-0.017
-0.03
0.075
0.007
0.017
0.012
0.035
0.034
0.079
0.092
0.078
0.037
0.085
0.045
0.108
0.065
0.096
0.091
0.064
0.09
0.039
0.095
0.133
0.082
0.076
0.021
0.074
0.08
0.097
0.074
0.026
0.1
0.086
0.028
0.063
0.04
0.076
0.074
0.057
0.006
-0.011
-0.001
0.032
-0.014
-0.022
-0.022
-0.049
-0.025
-0.034
-0.05
-0.079
-0.055
-0.045
-0.01
-0.081
-0.036
-0.026
-0.027
-0.03
-0.078
-0.108
-0.127
-0.076
-0.054
-0.084
-0.103
-0.147
-0.107
-0.081
-0.042
-0.165
-0.104
-0.099
-0.039
-0.042
-0.128
-0.096
-0.036
-0.025
-0.059
-0.093
-0.104
-0.078
-0.048
-0.049
-0.031
-0.034
-0.025
-0.054
-0.061
-0.09
-0.048
0.062
0.043
-0.011
-0.025
0.05
0.008
0.061
0.063
0.061
0
0.036
0.037
0.054
-0.013
0.092
-0.01
0.062
0.014
0.091
0.039
0.067
0.071
0.1
0.118
0.085
0.083
0.136
0.16
0.132
0.073
0.075
0.095
0.119
0.061
0.064
0.079
0.073
0.081
0.034
0.033
0.036
0.101
0.109
0.111
0.072
0.091
0.076
0.074
0
0.027
0.08
0.041
0.053
-0.008
-0.018
0.001
-0.003
-0.015
-0.089
-0.077
-0.012
0.012
0.003
-0.05
-0.03
-0.032
-0.068
-0.047
-0.011
-0.048
0.006
-0.045
-0.079
-0.112
-0.072
-0.105
-0.098
-0.043
-0.097
-0.106
-0.109
-0.081
-0.066
-0.074
-0.035
-0.075
-0.094
-0.041
-0.027
-0.057
-0.08
-0.085
-0.015
-0.053
-0.081
-0.129
-0.08
-0.049
-0.004
-0.096
-0.099
-0.132
-0.077
-0.072
-0.048
-0.085
-0.088
-0.042
-0.127
-0.067
-0.072
-0.026
-0.045
-0.124
-0.112
-0.068
-0.107
0.009
-0.071
-0.131
-0.181
-0.023
0.028
-0.168
-0.158
0.002
0.013
-0.029
-0.147
-0.046
-0.036
0.003
0.06
-0.009
-0.011
-0.051
-0.029
0.01
0.087
0.021
-0.014
-0.037
-0.053
-0.02
0.022
0.035
-0.01
0.006
-0.008
0.019
0.048
-0.021
0.081
0.056
0.041
0.002
0.038
0.032
0.12
0.09
0.087
-0.005
0.03
0.075
0.067
-0.065
0.032
0.095
0.067
-0.051
0.018
0.015
0.053
0.032
0.037
0.042
0.028
0.046
0.088
0.075
0.06
0.014
0.05
0.073
0.027
-0.037
0.015
0.052
0.036
-0.016
-0.021
-0.039
0.012
0.039
-0
0.015
-0.02
-0.02
-0.039
-0.023
0.017
0.007
-0.017
-0.005
-0.045
0.026
-0.051
-0.043
-0.021
-0.032
-0.091
-0.063
-0.047
-0.054
-0.002
-0.071
-0.091
-0.089
-0.035
-0.029
-0.072
-0.058
-0.023
-0.068
-0.009
-0.049
-0.085
0.019
-0.004
-0.024
-0.048
-0.09
-0.12
0.014
-0.036
-0.071
-0.084
-0.028
-0.015
-0.029
-0.015
-0.055
0.069
-0.002
0.034
-0.002
-0.009
0.028
0.007
0.009
0.043
-0.015
-0.009
-0.004
0.046
0.003
0.012
0.065
0.05
-0.01
0.002
-0.009
0.058
0.075
0.091
0.081
0.046
0.049
0.091
0.081
0.108
0.074
0.011
0.08
0.07
0.078
0.039
0.107
0.038
0.103
0.067
0.063
0.104
0.127
0.136
0.1
0.023
0.04
0.117
0.215
0.143
0.063
0.036
0.101
0.114
0.129
0.02
-0.03
0.074
0.105
0.114
0.011
0.036
0.104
0.033
0.032
0.072
0.112
0.112
-0.056
0.052
0.078
0.198
0.029
-0.003
-0.13
0.054
0.053
0.031
0.013
-0.056
-0.046
-0.046
0.009
0.011
-0.058
-0.07
-0.088
-0.019
-0.046
-0.017
-0.064
-0.06
-0.024
-0.039
-0.017
-0.06
-0.1
-0.091
-0.012
-0.088
-0.143
-0.187
-0.145
-0.13
-0.056
-0.06
-0.097
-0.143
-0.129
-0.098
-0.106
-0.175
-0.147
-0.087
-0.098
-0.158
-0.118
-0.149
-0.12
-0.131
-0.171
-0.175
-0.138
-0.131
-0.107
-0.142
-0.098
-0.09
-0.088
-0.1
-0.141
-0.104
-0.068
-0.062
-0.084
-0.091
-0.059
-0.052
-0.012
-0.041
-0.056
-0.095
-0.054
-0.033
-0.111
-0.039
-0.025
0.04
0.001
0.03
-0.008
0.06
0.03
0.069
0.1
0.045
0.046
0.019
0.045
0.123
0.123
0.115
0.074
0.102
0.138
0.102
0.089
0.132
0.134
0.153
0.145
0.128
0.143
0.2
0.246
0.139
0.136
0.152
0.175
0.167
0.215
0.153
0.186
0.151
0.192
0.167
0.158
0.082
0.146
0.14
0.149
0.103
0.092
0.122
0.157
0.114
0.097
0.1
0.139
0.055
0.057
0.061
0.121
0.088
0.049
-0.001
0.017
-0.019
0.022
0.033
0.013
0.016
-0.012
-0.054
0.015
-0.043
0.007
-0.058
-0.092
-0.04
-0.048
-0.026
-0.056
-0.089
-0.098
-0.053
-0.114
-0.08
-0.101
-0.011
-0.043
-0.072
-0.129
-0.119
-0.111
-0.031
-0.074
-0.056
-0.046
-0.009
-0.01
-0.075
-0.106
-0.036
-0.029
-0.039
-0.062
-0.076
-0.068
-0.047
-0.047
-0.076
-0.028
-0.063
-0.044
-0.077
-0.018
-0.025
0.005
-0.047
-0.024
-0.033
0.023
0.034
0.034
-0.01
0.054
-0.02
-0.002
-0.051
0.025
-0.056
0.035
0.015
0.005
-0.018
-0.023
0.016
0.019
0.012
0.039
0.034
0.015
0.061
0.007
0.086
0.03
0.031
0.013
0.033
0.052
0.015
0.025
-0.016
-0.031
-0.028
-0.019
-0.046
-0.017
0.032
0.036
0.043
-0.064
-0.042
-0.015
0.028
-0.038
-0.035
-0.057
0.046
-0.025
-0.018
-0.053
-0.087
-0.036
-0.026
-0.064
-0.074
0.003
0.016
-0.014
-0.027
-0.037
-0.068
-0.017
-0.05
0.008
0.005
-0.016
0.015
0.006
-0.018
-0.013
0.013
-0.027
-0.012
-0.02
-0.015
-0.04
-0.011
0.071
-0.021
0.019
0.016
0.017
0.05
0.076
0.03
0.015
0.009
0.068
0.045
0.031
0.024
0.051
0.087
0.072
-0.015
0.011
0.046
0.071
0.113
-0.017
0.007
0.035
0.07
0.082
0.044
0.066
0.076
0.068
0.05
0.053
-0.021
0.034
0.069
0.046
0.027
-0.053
-0.005
-0.002
0.026
-0.027
-0.001
0.037
0.037
0.007
0.008
0.015
0.063
0.004
-0.007
-0.004
0.027
-0.006
0.033
0.027
-0.012
-0.086
-0.066
-0.087
-0.034
-0.041
-0.067
-0.087
-0.09
-0.025
-0.023
-0.045
-0.069
-0.048
-0.018
-0.016
-0.058
-0.089
-0.089
-0.022
-0.037
-0.088
-0.104
-0.042
-0.021
-0.031
-0.045
-0.058
-0.04
-0.033
-0.046
-0.044
-0.046
0.036
-0.007
0.025
-0.036
-0.025
0.01
0.046
-0.039
0.004
-0.018
0.021
0.036
0.017
0.031
0.037
0.01
0.033
-0.002
0.005
0.027
0.013
0.092
0.016
0.077
0.027
0.015
0.035
0.112
0.046
0.112
0.018
0.042
0.047
0.05
0.018
0.066
0.04
0.105
0.019
0.068
0.079
0.071
0.113
0.096
0.005
-0.012
0.069
0.122
0.102
-0.017
0.038
0.035
0.151
0.018
-0.019
0.072
0.163
0.006
-0.11
0.009
0.098
-0.022
-0.086
0.027
0.102
-0.074
-0.051
0.008
-0.018
-0.051
-0.012
0.061
0.01
-0.044
-0.02
-0.034
0.047
-0.012
-0.004
-0.082
-0.027
-0.035
-0.042
-0.079
-0.02
-0.022
-0.066
-0.033
-0.034
0.003
-0.044
0.007
-0.016
-0.03
-0.089
-0.074
-0.021
-0.006
0.009
-0.074
-0.111
-0.081
-0.102
-0.072
-0.057
-0.057
-0.064
-0.039
-0.061
-0.099
-0.078
-0.002
-0.027
0.015
-0.084
-0.054
-0.035
-0.003
0.032
-0.073
-0.1
-0.041
-0.037
-0.058
-0.089
-0.087
-0.042
-0.013
-0.046
-0.081
-0.055
-0.038
0.027
0.041
-0.017
-0.07
0.039
0.023
0.022
-0.016
-0.023
-0.045
-0.054
-0.064
-0.029
-0.029
0.016
-0.019
-0.056
0.048
0.006
0.02
0.055
0.047
0.075
-0.051
0.018
-0.017
0.028
0.003
0.044
0.037
0.026
-0.032
0.038
0.012
0.011
0.039
0.002
-0.011
0.026
-0.01
0.049
0.075
0.05
-0.024
-0.02
0.019
0.06
0.053
-0.012
0.067
0.026
0.022
-0.026
-0.004
-0.035
0.008
0.038
-0.002
-0.048
-0.008
-0.027
0.002
-0.013
-0.028
-0.047
0.032
0.012
-0.013
0.004
-0.012
0.029
0.038
-0.018
-0.01
-0.024
-0.023
-0.033
-0.027
-0.071
-0.053
-0.054
-0.009
0.012
0.022
0.011
-0.044
0.028
-0.015
-0.061
-0.016
-0.01
-0.018
-0.01
-0.048
-0.101
-0.052
0.026
-0.025
-0.108
-0.137
-0.059
0.002
-0.035
-0.057
-0.055
-0.057
0.021
-0.002
-0.054
-0.034
-0.022
0.044
0.017
-0.04
-0.052
0.054
0.063
-0.009
-0.004
-0.018
-0.036
0.016
-0.019
0.017
-0.018
0.02
0.062
0.006
-0.001
0.03
0.055
0.057
0.003
0.1
0.027
0.052
0.008
0.035
-0.023
0.04
0.054
0.023
0.052
0.043
0.036
0.046
0.054
0.089
0.035
0.032
0.101
0.13
0.121
0.072
0.098
0.033
0.072
0.061
0.087
0.036
0.035
0.057
0.04
-0.006
0.007
0.061
0.06
0.048
0.078
0.004
0.014
0.08
0.102
0.058
0.014
0.046
0.066
0.033
0.023
-0.019
0.016
0.057
0.034
-0.084
0.016
-0.033
0.027
-0.016
-0.042
-0.019
-0.04
-0.001
0.017
0.006
-0.026
-0.047
-0.036
-0.022
-0.025
-0.018
-0.034
0.068
-0.032
-0.035
-0.048
-0.067
-0.067
-0.042
-0.103
-0.063
-0.118
-0.12
-0.08
-0.064
-0.04
-0.122
-0.13
-0.066
-0.11
-0.066
-0.089
-0.108
-0.082
-0.076
-0.128
-0.106
-0.112
-0.056
-0.078
-0.115
-0.136
-0.13
-0.081
-0.076
-0.116
-0.103
-0.1
-0.079
-0.1
-0.104
-0.092
-0.047
-0.017
-0.079
-0.056
-0.105
-0.086
-0.104
-0.046
-0.056
-0.065
-0.1
-0.031
-0.132
-0.033
-0.003
-0.01
-0.037
-0.011
-0.02
-0.006
0.041
-0.009
0.003
0.024
0.011
-0.041
0.045
0.04
0.037
0.002
0.074
-0.005
0.018
0.039
0.108
0.065
0.102
0.082
0.119
0.063
0.128
0.116
0.113
0.128
0.083
0.066
0.106
0.112
0.131
0.11
0.111
0.131
0.117
0.089
0.102
0.114
0.131
0.096
0.073
0.052
0.126
0.201
0.111
0.046
0.139
0.073
0.1
0.116
0.006
0.074
0.072
0.035
0.076
0.101
0.019
-0.043
-0.043
0.169
0.068
-0.08
-0.029
0.075
0.025
-0.019
-0.014
0.029
-0.035
-0.035
0.016
0.031
-0.014
-0.039
-0.082
0.008
-0.063
-0.101
-0.076
-0.034
-0.022
-0.06
-0.13
-0.053
-0.074
-0.03
-0.047
-0.042
-0.048
-0.04
