0.016
0.011
0.006
-0.014
-0.027
-0.003
-0.021
0.002
-0.019
-0.033
-0.033
-0.032
-0.026
-0.009
-0.038
-0.009
-0.033
-0.019
-0.034
-0.026
-0.033
-0.034
-0.040
-0.028
-0.043
-0.012
-0.034
-0.033
-0.056
-0.028
-0.054
-0.041
-0.034
-0.020
-0.044
-0.029
-0.062
-0.049
-0.044
-0.029
-0.034
-0.047
-0.031
-0.032
-0.030
-0.035
-0.046
-0.024
-0.007
-0.033
-0.036
-0.059
-0.045
-0.069
-0.045
-0.038
-0.023
-0.031
-0.015
-0.027
-0.011
-0.036
0.018
-0.029
-0.074
0.003
0.026
0.056
-0.023
-0.043
0.015
0.050
0.051
-0.066
0.019
0.097
0.038
-0.087
0.049
0.165
0.045
-0.070
0.026
0.166
0.076
0.020
0.087
0.135
0.056
0.064
0.107
0.140
0.105
0.104
0.112
0.149
0.117
0.138
0.111
0.124
0.135
0.154
0.134
0.186
0.155
0.176
0.145
0.150
0.155
0.156
0.166
0.174
0.177
0.186
0.173
0.151
0.152
0.178
0.183
0.128
0.158
0.117
0.154
0.122
0.125
0.103
0.106
0.070
0.099
0.076
0.075
0.018
0.065
0.008
0.011
-0.010
-0.024
-0.024
-0.038
-0.065
-0.048
-0.079
-0.070
-0.109
-0.129
-0.135
-0.128
-0.152
-0.154
-0.194
-0.206
-0.212
-0.230
-0.262
-0.251
-0.250
-0.263
-0.265
-0.271
-0.297
-0.313
-0.326
-0.317
-0.339
-0.322
-0.309
-0.338
-0.340
-0.352
-0.311
-0.320
-0.314
-0.317
-0.299
-0.292
-0.270
-0.303
-0.277
-0.278
-0.258
-0.251
-0.214
-0.198
-0.192
-0.199
-0.184
-0.172
-0.150
-0.115
-0.095
-0.090
-0.089
-0.023
-0.019
-0.029
-0.027
0.055
0.040
0.073
0.088
0.122
0.123
0.159
0.143
0.179
0.201
0.217
0.232
0.252
0.241
0.261
0.245
0.288
0.290
0.334
0.314
0.331
0.325
0.345
0.317
0.347
0.345
0.340
0.337
0.361
0.368
0.347
0.355
0.352
0.364
0.348
0.326
0.310
0.322
0.287
0.306
0.286
0.278
0.258
0.254
0.230
0.221
0.200
0.213
0.152
0.158
0.108
0.110
0.074
0.078
0.059
0.062
0.029
0.017
-0.000
-0.016
-0.044
-0.045
-0.083
-0.084
-0.102
-0.081
-0.136
-0.116
-0.166
-0.160
-0.195
-0.185
-0.181
-0.146
-0.186
-0.192
-0.227
-0.238
-0.259
-0.231
-0.253
-0.250
-0.247
-0.241
-0.223
-0.231
-0.228
-0.237
-0.228
-0.191
-0.213
-0.222
-0.180
-0.204
-0.203
-0.197
-0.153
-0.175
-0.147
-0.147
-0.120
-0.146
-0.106
-0.128
-0.088
-0.110
-0.064
-0.069
-0.037
-0.043
-0.043
-0.015
-0.012
-0.010
-0.002
0.011
0.022
0.048
0.028
0.052
0.031
0.058
0.031
0.073
0.043
0.064
0.092
0.092
0.051
0.073
0.059
0.074
0.059
0.060
0.074
0.081
0.081
0.058
0.038
0.047
0.032
0.042
0.056
0.040
0.062
0.011
0.036
-0.005
0.004
-0.002
-0.013
-0.010
0.015
-0.000
-0.015
-0.050
-0.044
-0.053
-0.071
-0.067
-0.048
-0.073
-0.066
-0.056
-0.066
-0.093
-0.064
-0.072
-0.083
-0.075
-0.096
-0.067
-0.058
-0.079
-0.066
-0.069
-0.054
-0.051
-0.058
-0.046
-0.035
-0.020
-0.046
-0.043
-0.011
-0.012
0.006
0.005
0.003
0.023
0.026
0.017
0.014
0.044
0.051
0.060
0.078
0.085
0.053
0.095
0.090
0.111
0.096
0.105
0.112
0.147
0.128
0.151
0.155
0.172
0.117
0.161
0.152
0.163
0.149
0.165
0.153
0.150
0.130
0.146
0.124
0.122
0.131
0.125
0.120
0.113
0.103
0.086
0.067
0.080
0.063
0.052
0.049
0.006
0.034
-0.008
0.006
-0.034
-0.030
-0.042
-0.030
-0.095
-0.109
-0.115
-0.068
-0.082
-0.110
-0.212
-0.193
-0.173
-0.117
-0.146
-0.178
-0.181
-0.210
-0.214
-0.191
-0.175
-0.209
-0.281
-0.244
-0.179
-0.206
-0.208
-0.267
-0.224
-0.206
-0.201
-0.269
-0.169
-0.208
-0.249
-0.262
-0.108
-0.130
-0.246
-0.252
-0.079
-0.114
-0.151
-0.164
-0.088
-0.120
-0.113
-0.085
-0.062
-0.067
-0.077
-0.056
-0.019
-0.019
0.024
0.016
0.014
0.057
0.084
0.103
0.072
0.082
0.109
0.087
0.118
0.168
0.111
0.134
0.159
0.143
0.194
0.182
0.192
0.166
0.175
0.207
0.180
0.160
0.227
0.232
0.202
0.185
0.237
0.207
0.196
0.169
0.216
0.169
0.195
0.181
0.172
0.164
0.142
0.132
0.138
0.137
0.126
0.132
0.105
0.106
0.073
0.066
0.081
0.059
0.010
0.034
0.021
0.031
-0.027
-0.005
-0.026
-0.020
-0.046
-0.030
-0.076
-0.057
-0.069
-0.057
-0.096
-0.086
-0.099
-0.114
-0.124
-0.114
-0.124
-0.112
-0.140
-0.125
-0.122
-0.120
-0.128
-0.124
-0.131
-0.134
-0.128
-0.120
-0.124
-0.124
-0.100
-0.105
-0.100
-0.144
-0.118
-0.119
-0.096
-0.104
-0.073
-0.091
-0.075
-0.066
-0.060
-0.073
-0.033
-0.030
-0.031
-0.045
-0.014
-0.028
-0.027
-0.032
-0.006
0.002
0.014
-0.017
0.027
0.007
0.015
0.037
0.041
0.051
0.043
0.047
0.054
0.053
0.029
0.041
0.046
0.067
0.037
0.063
0.057
0.030
0.025
0.051
0.026
0.037
0.022
0.016
-0.017
0.011
-0.022
-0.046
0.004
0.033
-0.012
-0.044
-0.067
0.031
0.019
-0.002
-0.083
-0.075
-0.018
0.033
-0.017
-0.044
-0.076
-0.068
-0.096
-0.013
0.008
0.011
-0.106
-0.114
-0.050
0.060
0.026
-0.043
-0.081
-0.042
0.008
0.013
0.027
-0.023
-0.035
-0.014
0.024
0.034
0.011
-0.019
0.006
0.017
0.071
0.035
0.029
0.002
0.012
0.028
0.028
0.050
0.020
-0.016
-0.005
-0.001
-0.005
0.012
-0.042
-0.029
-0.009
0.017
-0.018
0.002
-0.018
-0.030
-0.069
-0.031
-0.051
-0.075
-0.088
-0.049
-0.101
-0.089
-0.085
-0.103
-0.100
-0.086
-0.068
-0.068
-0.080
-0.100
-0.093
-0.104
-0.049
-0.071
-0.057
-0.084
-0.082
-0.067
-0.056
-0.060
-0.047
-0.050
-0.037
-0.063
-0.053
-0.059
-0.051
-0.058
-0.082
-0.054
-0.027
-0.053
-0.034
-0.047
-0.022
-0.022
0.001
-0.004
-0.021
-0.011
0.007
-0.007
0.016
0.008
0.040
0.040
0.062
0.071
0.041
0.075
0.081
0.071
0.072
0.052
0.078
0.091
0.080
0.083
0.087
0.115
0.110
0.107
0.082
0.111
0.111
0.120
0.123
0.130
0.111
0.149
0.110
0.133
0.116
0.141
0.119
0.150
0.137
0.175
0.124
0.181
0.131
0.129
0.153
0.176
0.152
0.167
0.159
0.158
0.151
0.180
0.142
0.147
0.148
0.140
0.141
0.136
0.122
0.119
0.123
0.114
0.131
0.085
0.102
0.079
0.104
0.072
0.071
0.040
0.050
0.035
0.028
0.021
0.017
-0.005
0.006
-0.013
-0.016
-0.050
-0.037
-0.069
-0.063
-0.069
-0.067
-0.080
-0.106
-0.108
-0.149
-0.153
-0.186
-0.150
-0.189
-0.165
-0.206
-0.220
-0.240
-0.224
-0.249
-0.230
-0.255
-0.234
-0.281
-0.274
-0.268
-0.288
-0.305
-0.291
-0.305
-0.291
-0.323
-0.299
-0.327
-0.318
-0.328
-0.328
-0.296
-0.283
-0.308
-0.267
-0.276
-0.271
-0.261
-0.261
-0.237
-0.240
-0.219
-0.209
-0.203
-0.187
-0.154
-0.164
-0.139
-0.144
-0.115
-0.126
-0.070
-0.087
-0.061
-0.056
-0.023
-0.005
0.032
0.025
0.062
0.074
0.096
0.097
0.136
0.136
0.146
0.167
0.163
0.179
0.216
0.229
0.246
0.266
0.264
0.294
0.257
0.289
0.270
0.324
0.334
0.352
0.318
0.329
0.322
0.338
0.297
0.364
0.335
0.352
0.331
0.348
0.311
0.346
0.319
0.326
0.293
0.311
0.276
0.296
0.252
0.271
0.246
0.264
0.207
0.213
0.173
0.179
0.163
0.155
0.128
0.110
0.093
0.100
0.070
0.081
0.044
0.043
0.001
-0.003
-0.014
-0.023
-0.062
-0.067
-0.072
-0.089
-0.092
-0.118
-0.098
-0.148
-0.127
-0.169
-0.138
-0.203
-0.172
-0.183
-0.187
-0.191
-0.183
-0.213
-0.183
-0.231
-0.194
-0.189
-0.184
-0.199
-0.192
-0.189
-0.193
-0.182
-0.204
-0.196
-0.184
-0.161
-0.176
-0.157
-0.174
-0.149
-0.138
-0.110
-0.139
-0.107
-0.127
-0.081
-0.109
-0.073
-0.058
-0.060
-0.076
-0.018
-0.028
-0.025
-0.061
-0.028
-0.021
0.025
0.013
0.025
0.012
0.009
0.036
0.042
0.063
0.064
0.072
0.078
0.050
0.067
0.040
0.085
0.057
0.084
0.075
0.118
0.047
0.054
0.068
0.080
0.022
0.053
0.079
0.080
0.029
0.046
0.036
0.031
0.008
0.035
0.019
0.033
0.004
0.009
0.016
-0.005
-0.008
-0.008
0.006
-0.009
-0.017
-0.018
-0.015
-0.038
-0.051
-0.047
-0.067
-0.059
-0.033
-0.043
-0.043
-0.091
-0.056
-0.094
-0.073
-0.063
-0.067
-0.060
-0.065
-0.045
-0.032
-0.056
-0.051
-0.071
-0.045
-0.057
-0.032
-0.051
-0.032
-0.016
-0.021
-0.045
-0.023
-0.035
-0.010
-0.005
0.015
0.021
0.030
0.036
0.014
0.021
0.024
0.069
0.039
0.065
0.037
0.053
0.061
0.068
0.073
0.103
0.106
0.105
0.077
0.110
0.071
0.112
0.076
0.109
0.093
0.104
0.114
0.112
0.094
0.119
0.083
0.082
0.074
0.083
0.069
0.057
0.067
0.042
0.054
0.032
0.024
0.029
0.019
0.006
0.013
-0.044
-0.015
-0.039
-0.045
-0.043
-0.051
-0.063
-0.038
-0.049
-0.051
-0.096
-0.056
-0.059
-0.074
-0.088
-0.097
-0.089
-0.083
-0.091
-0.107
-0.117
-0.133
-0.114
-0.086
-0.093
-0.141
-0.148
-0.117
-0.041
-0.084
-0.126
-0.198
-0.123
-0.071
-0.057
-0.099
-0.090
-0.099
-0.111
-0.106
0.006
0.010
-0.055
-0.132
-0.054
0.038
0.069
-0.047
-0.045
-0.032
0.050
0.071
0.060
0.014
0.016
0.012
0.062
0.100
0.103
0.046
0.039
0.074
0.133
0.127
0.121
0.099
0.122
0.143
0.173
0.131
0.128
0.130
0.143
0.144
0.159
0.159
0.131
0.118
0.154
0.160
0.134
0.144
0.119
0.140
0.135
0.144
0.121
0.100
0.106
0.106
0.090
0.099
0.069
0.053
0.075
0.085
0.055
0.047
0.023
0.014
0.001
0.004
-0.012
-0.017
0.002
-0.021
-0.061
-0.060
-0.053
-0.077
-0.084
-0.081
-0.071
-0.071
-0.073
-0.097
-0.064
-0.064
-0.076
-0.123
-0.077
-0.099
-0.077
-0.096
-0.087
-0.137
-0.088
-0.117
-0.101
-0.098
-0.095
-0.107
-0.094
-0.118
-0.091
-0.114
-0.096
-0.100
-0.066
-0.083
-0.084
-0.084
-0.096
-0.082
-0.096
-0.077
-0.086
-0.045
-0.036
-0.044
-0.049
-0.043
-0.025
-0.043
-0.043
-0.034
-0.033
-0.002
-0.025
-0.004
-0.030
-0.002
-0.026
-0.004
-0.016
0.012
-0.030
-0.007
-0.017
0.017
-0.009
0.001
-0.036
-0.011
-0.020
-0.021
-0.031
0.005
-0.005
-0.046
-0.066
-0.064
-0.052
-0.044
-0.046
-0.045
-0.053
-0.060
-0.057
-0.065
-0.081
-0.049
-0.038
-0.042
-0.034
-0.045
-0.019
-0.032
-0.012
-0.047
-0.017
-0.026
0.006
-0.026
0.022
-0.017
0.056
0.009
0.039
0.014
0.043
0.052
0.084
0.054
0.071
0.079
0.079
0.051
0.083
0.053
0.062
0.090
0.047
0.040
0.054
0.029
0.021
0.026
0.049
0.044
0.022
0.018
0.006
0.020
-0.009
-0.008
-0.014
0.015
-0.013
0.033
-0.014
-0.001
-0.047
-0.037
-0.032
-0.035
-0.046
0.002
-0.031
-0.009
-0.042
-0.041
-0.054
-0.048
-0.049
-0.049
-0.038
-0.021
-0.033
-0.066
-0.039
-0.040
-0.040
-0.033
-0.043
-0.032
-0.033
-0.031
-0.037
-0.052
-0.055
-0.045
-0.019
-0.016
0.003
-0.015
0.002
-0.041
-0.007
-0.020
0.009
-0.006
0.015
-0.016
0.025
-0.007
0.031
-0.012
0.025
0.024
0.019
0.026
0.026
0.023
0.055
0.029
0.052
0.047
0.052
0.068
0.057
0.068
0.085
0.066
0.064
0.072
0.070
0.064
0.093
0.099
0.060
0.088
0.067
0.085
0.086
0.086
0.091
0.117
0.108
0.132
0.092
0.119
0.091
0.093
0.084
0.119
0.111
0.097
0.100
0.125
0.088
0.081
0.074
0.077
0.101
0.073
0.098
0.097
0.075
0.078
0.065
0.069
0.094
0.070
0.097
0.054
0.042
0.040
0.034
0.028
0.047
0.030
0.061
0.023
0.028
0.018
-0.010
-0.008
0.030
0.000
0.008
-0.012
-0.001
-0.039
-0.024
-0.067
-0.080
-0.051
-0.035
-0.060
-0.051
-0.075
-0.082
-0.087
-0.081
-0.114
-0.082
-0.119
-0.111
-0.133
-0.113
-0.120
-0.143
-0.142
-0.131
-0.141
-0.137
-0.146
-0.171
-0.165
-0.199
-0.181
-0.179
-0.186
-0.196
-0.170
-0.178
-0.157
-0.179
-0.164
-0.188
-0.174
-0.203
-0.172
-0.174
-0.150
-0.185
-0.178
-0.171
-0.175
-0.179
-0.149
-0.167
-0.160
-0.134
-0.144
-0.138
-0.129
-0.109
-0.123
-0.087
-0.112
-0.075
-0.085
-0.054
-0.069
-0.041
-0.058
-0.021
-0.025
-0.004
-0.009
0.015
0.006
0.035
0.014
0.062
0.035
0.088
0.081
0.107
0.124
0.114
0.095
0.114
0.094
0.135
0.148
0.222
0.089
0.145
0.187
0.230
0.242
0.123
0.191
0.214
0.294
0.191
0.171
0.238
0.313
0.161
0.129
0.307
0.322
0.156
0.127
0.255
0.318
0.153
0.152
0.212
0.217
0.163
0.176
0.216
0.202
0.129
0.145
0.149
0.172
0.137
0.138
0.117
0.107
0.087
0.082
0.076
0.087
0.032
0.043
0.031
0.038
0.031
0.020
-0.014
-0.006
-0.010
-0.037
-0.043
-0.040
-0.041
-0.063
-0.101
-0.104
-0.079
-0.121
-0.094
-0.109
-0.101
-0.122
-0.122
-0.151
-0.146
-0.157
-0.132
-0.142
-0.112
-0.150
-0.142
-0.151
-0.144
-0.139
-0.119
-0.142
-0.120
-0.155
-0.130
-0.136
-0.117
-0.115
-0.123
-0.114
-0.101
-0.103
-0.094
-0.092
-0.083
-0.102
-0.063
-0.067
-0.057
-0.033
-0.055
-0.062
-0.058
-0.045
-0.025
-0.003
-0.032
0.010
-0.015
0.002
-0.001
-0.008
-0.004
-0.000
0.030
0.030
-0.001
0.043
0.015
0.055
0.031
0.044
0.043
0.039
0.042
0.038
0.020
0.029
0.021
0.026
0.021
0.029
0.028
0.028
0.013
0.004
0.012
0.027
0.011
-0.010
0.011
-0.017
0.001
-0.020
-0.009
-0.050
-0.045
-0.050
-0.033
-0.071
-0.031
-0.046
-0.019
-0.039
-0.029
-0.065
-0.054
-0.079
-0.067
-0.075
-0.028
-0.056
-0.055
-0.074
-0.025
-0.073
-0.079
-0.080
-0.054
-0.062
-0.055
-0.054
-0.058
-0.060
-0.033
-0.023
-0.030
0.006
-0.021
-0.007
-0.016
-0.036
-0.016
-0.007
0.012
0.016
0.009
0.037
0.031
0.050
0.020
0.030
0.025
0.064
0.059
0.077
0.047
0.097
0.050
0.088
0.050
0.059
0.074
0.078
0.095
0.090
0.098
0.085
0.102
0.078
0.091
0.083
0.090
0.043
0.084
0.063
0.071
0.040
0.053
0.044
0.060
0.042
0.076
0.033
0.074
0.015
0.021
0.007
0.028
-0.001
0.001
0.001
0.000
-0.025
-0.019
-0.042
-0.037
-0.052
-0.055
-0.052
-0.028
-0.050
-0.052
-0.048
-0.049
-0.098
-0.088
-0.066
-0.079
-0.075
-0.102
-0.095
-0.104
-0.093
-0.108
-0.078
-0.111
-0.078
-0.116
-0.094
-0.118
-0.101
-0.095
-0.072
-0.072
-0.084
-0.072
-0.052
-0.072
-0.043
-0.059
-0.050
-0.037
-0.011
-0.017
0.002
-0.042
0.013
-0.030
0.008
-0.024
0.026
0.008
0.027
0.025
0.037
0.013
0.027
0.040
0.058
0.049
0.041
0.066
0.063
0.088
0.057
0.075
0.084
0.092
0.083
0.100
0.065
0.128
0.072
0.115
0.078
0.095
0.071
0.081
0.075
0.101
0.078
0.096
0.066
0.102
0.049
0.085
0.071
0.075
0.056
0.078
0.056
0.054
0.029
0.032
0.017
0.029
0.024
0.030
0.023
0.016
0.021
-0.012
-0.020
-0.018
-0.022
-0.041
-0.019
-0.059
-0.050
-0.076
-0.036
-0.049
-0.030
-0.028
-0.020
-0.078
-0.056
-0.098
-0.076
-0.075
-0.082
-0.085
-0.070
-0.079
-0.094
-0.097
-0.101
-0.118
-0.108
-0.096
-0.109
-0.090
-0.069
-0.087
-0.084
-0.108
-0.091
-0.045
-0.089
-0.065
-0.085
-0.056
-0.077
-0.076
-0.101
-0.074
-0.070
-0.055
-0.098
-0.051
-0.058
-0.034
-0.049
-0.027
-0.057
-0.051
-0.015
-0.040
-0.014
-0.039
-0.090
-0.055
-0.052
-0.019
-0.037
-0.096
-0.120
0.011
-0.030
-0.026
-0.034
-0.047
-0.040
-0.026
-0.078
-0.031
0.047
0.005
-0.113
-0.057
0.125
0.010
-0.109
-0.021
0.070
0.014
-0.016
-0.008
0.040
-0.007
0.012
0.051
0.050
0.023
0.051
0.025
0.063
0.033
0.063
0.043
0.037
0.039
0.055
0.060
0.055
0.054
0.058
0.045
0.073
0.090
0.076
0.079
0.058
0.076
0.060
0.070
0.045
0.056
0.047
0.072
0.022
0.065
0.098
0.087
0.028
0.069
0.086
0.040
0.020
0.032
0.057
0.068
0.016
0.056
0.026
0.033
0.037
0.025
0.030
0.035
0.015
0.002
0.026
0.002
0.007
0.003
-0.006
-0.017
-0.003
0.009
-0.012
-0.013
-0.012
-0.048
-0.012
-0.054
-0.051
-0.069
-0.057
-0.051
-0.049
-0.054
-0.032
-0.053
-0.032
-0.039
0.001
-0.020
-0.040
-0.049
-0.021
-0.023
-0.032
-0.043
-0.041
-0.035
-0.023
-0.028
-0.030
-0.017
-0.011
-0.016
-0.039
-0.021
-0.034
-0.016
0.003
0.004
0.000
0.007
0.017
-0.001
0.000
0.033
-0.002
0.017
0.001
0.014
-0.001
0.040
0.029
0.037
0.027
0.072
0.038
0.058
0.044
0.055
0.058
0.067
0.055
0.063
0.051
0.090
0.055
0.069
0.085
0.083
0.088
0.077
0.078
0.077
0.071
0.077
0.059
0.070
0.081
0.075
0.087
0.044
0.081
0.085
0.092
0.087
0.126
0.095
0.108
0.064
0.076
0.069
0.086
0.045
0.080
0.123
0.090
0.022
0.036
0.071
0.088
0.091
0.018
0.000
0.013
0.086
0.058
0.006
0.004
-0.010
-0.008
0.029
0.068
0.065
-0.042
-0.085
-0.041
0.063
0.040
-0.021
-0.087
-0.044
-0.019
0.018
-0.036
-0.037
-0.085
-0.069
-0.057
-0.005
-0.033
-0.042
-0.098
-0.078
-0.060
-0.039
-0.076
-0.097
-0.108
-0.048
-0.078
-0.079
-0.098
-0.128
-0.086
-0.081
-0.096
-0.106
-0.106
-0.114
-0.076
-0.093
-0.095
-0.122
-0.128
-0.116
-0.078
-0.115
-0.093
-0.118
-0.121
-0.132
-0.106
-0.104
-0.077
-0.080
-0.056
-0.081
-0.056
-0.095
-0.084
-0.093
-0.056
-0.058
-0.036
-0.039
-0.029
-0.051
-0.048
-0.039
-0.036
-0.009
-0.020
0.016
0.035
0.025
-0.003
0.024
0.033
0.038
0.038
0.071
0.049
0.094
0.058
0.106
0.069
0.107
0.093
0.109
0.132
0.144
0.122
0.140
0.136
0.157
0.130
0.158
0.149
0.166
0.155
0.181
0.162
0.184
0.164
0.174
0.160
0.161
0.183
0.184
0.194
0.189
0.193
0.162
0.172
0.152
0.161
0.147
0.160
0.151
0.190
0.182
0.148
0.138
0.132
0.142
0.134
0.116
0.108
0.091
0.080
0.039
0.054
0.050
0.066
0.058
0.045
0.009
0.032
-0.017
0.004
-0.015
-0.016
-0.023
-0.019
-0.012
-0.035
-0.066
-0.066
-0.069
-0.064
-0.060
-0.076
-0.070
-0.071
-0.079
-0.096
-0.107
-0.110
-0.081
-0.120
-0.100
-0.123
-0.089
-0.109
-0.101
-0.136
-0.102
-0.125
-0.085
-0.120
-0.084
-0.124
-0.097
-0.106
-0.086
-0.098
-0.101
-0.081
-0.076
-0.076
-0.064
-0.062
-0.060
-0.063
-0.042
-0.037
-0.022
-0.024
0.012
0.039
-0.013
0.013
-0.043
-0.002
0.013
0.010
0.003
-0.005
-0.028
-0.039
-0.028
-0.004
-0.008
0.020
0.008
0.023
0.031
0.061
0.021
0.037
0.029
0.027
0.026
0.048
0.039
0.030
-0.008
-0.007
-0.005
0.022
0.041
0.042
0.053
0.038
0.025
0.029
0.019
0.022
0.019
0.029
0.037
0.004
0.035
0.010
0.008
-0.012
-0.013
-0.017
0.003
-0.017
-0.006
-0.034
-0.004
-0.039
-0.020
-0.041
-0.009
-0.029
-0.013
-0.030
-0.022
-0.053
-0.005
-0.032
-0.008
-0.022
-0.020
-0.018
-0.032
-0.029
-0.038
-0.020
-0.021
-0.046
-0.006
-0.011
-0.008
-0.020
0.001
-0.020
-0.004
-0.013
0.006
-0.018
0.037
0.029
0.028
0.021
0.025
0.014
0.018
0.020
0.027
0.022
0.034
0.038
0.008
0.031
-0.004
0.033
0.037
0.048
0.058
0.052
0.026
0.052
0.026
0.010
0.025
0.030
0.036
0.055
0.042
0.052
0.028
0.024
0.005
0.014
0.039
0.020
0.049
0.027
0.031
-0.012
0.010
-0.011
0.019
0.012
0.024
-0.007
-0.004
-0.001
-0.013
-0.031
-0.004
-0.027
-0.027
-0.017
-0.029
-0.026
-0.016
-0.027
-0.029
-0.028
-0.060
-0.040
-0.064
-0.046
-0.069
-0.040
-0.079
-0.047
-0.067
-0.035
-0.055
-0.031
-0.025
-0.018
-0.051
-0.046
-0.062
-0.050
-0.058
-0.036
-0.039
-0.043
-0.033
-0.031
-0.048
-0.025
-0.024
-0.027
-0.012
-0.019
-0.004
-0.013
-0.001
-0.029
-0.014
0.023
-0.008
0.025
0.010
0.018
0.044
0.026
0.042
0.035
0.044
0.036
0.067
0.047
0.054
0.034
0.057
0.045
0.051
0.041
0.062
0.030
0.052
0.023
0.063
0.048
0.068
0.054
0.055
0.042
0.058
0.030
0.069
0.056
0.073
0.050
0.095
0.028
0.060
0.048
0.046
0.029
0.056
0.006
0.042
0.038
0.068
-0.027
-0.029
0.026
0.040
0.053
-0.076
-0.015
-0.014
0.053
-0.010
-0.065
0.007
0.058
-0.070
-0.119
0.050
0.077
-0.085
-0.137
0.008
0.067
-0.088
-0.080
-0.042
-0.013
-0.106
-0.080
-0.029
-0.052
-0.066
-0.075
-0.064
-0.045
-0.052
-0.077
-0.070
-0.045
-0.055
-0.077
-0.037
-0.054
-0.050
-0.040
-0.021
-0.048
-0.024
-0.049
-0.030
-0.061
-0.032
-0.030
-0.035
-0.047
-0.044
-0.035
-0.041
-0.055
-0.017
-0.048
-0.025
-0.033
-0.011
-0.039
-0.041
-0.056
-0.044
-0.052
-0.033
-0.039
-0.030
-0.041
-0.033
-0.060
-0.068
-0.044
-0.035
-0.045
-0.020
-0.034
-0.026
-0.021
-0.035
-0.027
-0.015
0.009
0.001
0.011
-0.023
0.013
0.012
0.003
-0.021
-0.009
-0.023
0.015
-0.003
0.019
0.005
0.023
0.016
0.023
0.011
0.017
-0.009
0.025
0.008
0.041
0.060
0.046
0.029
0.022
0.026
0.026
0.032
0.045
0.039
0.052
0.035
0.012
0.021
0.022
0.025
0.026
0.037
0.037
0.045
0.023
0.046
0.026
0.054
0.031
0.031
0.022
0.042
0.015
0.026
-0.001
0.041
0.010
0.031
0.016
0.034
0.005
0.011
0.004
0.009
-0.007
0.003
-0.018
0.005
-0.015
-0.011
-0.013
-0.024
-0.006
-0.007
-0.022
-0.004
-0.016
-0.018
-0.004
-0.033
0.003
-0.012
0.005
-0.037
-0.022
-0.031
0.002
-0.014
-0.038
-0.038
-0.032
-0.035
-0.053
-0.069
-0.021
-0.034
-0.021
-0.014
-0.013
-0.045
-0.013
-0.023
-0.016
-0.010
-0.009
-0.018
-0.009
-0.006
-0.007
-0.030
-0.009
0.001
-0.011
0.007
-0.001
0.013
-0.016
0.020
-0.003
0.016
-0.016
0.017
-0.003
0.046
0.011
0.046
0.017
0.057
0.055
0.044
0.019
0.047
0.038
0.045
0.022
0.058
0.031
0.040
0.028
0.046
0.044
0.043
0.028
0.048
0.038
0.073
0.038
0.055
0.045
0.043
0.032
0.083
0.070
0.057
0.052
0.042
0.055
0.041
0.046
0.018
0.060
0.025
0.038
0.013
0.056
0.024
0.050
0.034
0.051
0.029
0.040
0.026
0.036
0.018
0.020
-0.005
0.002
0.005
-0.008
-0.013
0.022
-0.023
-0.000
-0.001
-0.000
-0.014
-0.034
-0.032
-0.029
-0.040
-0.029
-0.027
-0.045
-0.042
-0.048
-0.035
-0.037
-0.034
-0.059
-0.051
-0.043
-0.042
-0.083
-0.048
-0.064
-0.056
-0.072
-0.042
-0.096
-0.067
-0.088
-0.079
-0.086
-0.084
-0.101
-0.064
-0.094
-0.078
-0.100
-0.098
-0.109
-0.105
-0.108
-0.075
-0.066
-0.067
-0.077
-0.098
-0.077
-0.088
-0.077
-0.076
-0.096
-0.073
-0.045
-0.070
-0.069
-0.070
-0.054
-0.077
-0.035
-0.069
-0.041
-0.059
-0.033
-0.034
-0.030
-0.035
-0.022
-0.013
0.003
-0.017
0.011
0.005
-0.015
0.010
0.001
0.008
0.005
0.011
0.013
0.027
0.057
0.066
0.034
0.069
0.043
0.058
0.049
0.077
0.088
0.089
0.087
0.109
0.065
0.096
0.070
0.108
0.093
0.119
0.121
0.135
0.104
0.126
0.109
0.154
0.111
0.142
0.122
0.141
0.124
0.141
0.119
0.120
0.110
0.132
0.143
0.130
0.078
0.083
0.105
0.135
0.120
0.096
0.053
0.094
0.115
0.144
0.108
0.066
0.042
0.046
0.105
0.062
0.075
0.004
0.027
0.035
0.066
0.009
0.046
0.027
-0.038
-0.077
0.060
0.073
-0.053
-0.104
0.017
0.019
-0.038
-0.067
-0.007
-0.009
-0.038
-0.032
-0.029
-0.055
-0.070
-0.064
-0.035
-0.030
-0.056
-0.065
-0.073
-0.068
-0.066
-0.052
-0.049
-0.073
-0.035
-0.050
-0.036
-0.009
-0.018
