0.037
0.015
0.009
0.003
0.003
-0.004
-0.028
0.009
-0.010
-0.040
-0.053
-0.010
-0.006
-0.028
-0.044
0.004
-0.016
-0.030
-0.043
-0.020
-0.021
-0.034
-0.035
-0.034
-0.036
-0.041
-0.040
-0.054
-0.036
-0.022
-0.024
-0.024
-0.018
-0.027
-0.026
-0.013
-0.031
-0.053
-0.012
-0.029
-0.022
-0.042
-0.021
-0.028
-0.010
-0.024
-0.013
-0.015
0.004
-0.016
-0.005
-0.030
-0.018
-0.016
-0.005
0.008
0.005
0.001
0.009
-0.012
0.005
-0.007
0.006
0.028
0.023
0.025
0.021
0.044
0.044
0.041
0.041
0.057
0.055
0.062
0.051
0.077
0.056
0.072
0.066
0.082
0.091
0.087
0.066
0.111
0.100
0.123
0.117
0.120
0.094
0.121
0.115
0.119
0.124
0.135
0.120
0.114
0.112
0.126
0.127
0.126
0.152
0.156
0.163
0.164
0.146
0.141
0.126
0.102
0.127
0.120
0.144
0.126
0.133
0.116
0.105
0.087
0.100
0.104
0.092
0.059
0.076
0.027
0.067
0.017
-0.013
0.002
0.041
-0.031
-0.043
-0.053
-0.012
-0.043
-0.041
-0.139
-0.130
-0.101
-0.064
-0.116
-0.148
-0.185
-0.182
-0.227
-0.169
-0.158
-0.177
-0.278
-0.299
-0.246
-0.167
-0.238
-0.299
-0.330
-0.311
-0.295
-0.267
-0.272
-0.307
-0.323
-0.316
-0.297
-0.297
-0.312
-0.333
-0.336
-0.275
-0.257
-0.273
-0.288
-0.293
-0.258
-0.233
-0.227
-0.218
-0.223
-0.213
-0.190
-0.178
-0.168
-0.139
-0.156
-0.111
-0.084
-0.028
-0.044
-0.025
-0.022
0.000
0.031
0.052
0.071
0.073
0.082
0.149
0.135
0.127
0.168
0.180
0.182
0.199
0.253
0.252
0.281
0.259
0.272
0.285
0.338
0.322
0.348
0.330
0.339
0.332
0.346
0.336
0.363
0.377
0.385
0.345
0.352
0.333
0.333
0.341
0.333
0.324
0.330
0.337
0.331
0.291
0.297
0.280
0.285
0.250
0.223
0.219
0.226
0.163
0.175
0.141
0.148
0.129
0.130
0.097
0.075
0.070
0.070
0.018
-0.007
-0.041
-0.036
-0.050
-0.076
-0.079
-0.091
-0.110
-0.130
-0.134
-0.178
-0.166
-0.192
-0.184
-0.205
-0.205
-0.223
-0.232
-0.249
-0.270
-0.272
-0.266
-0.259
-0.221
-0.245
-0.243
-0.284
-0.264
-0.281
-0.271
-0.259
-0.241
-0.237
-0.220
-0.226
-0.222
-0.226
-0.219
-0.209
-0.200
-0.162
-0.187
-0.170
-0.157
-0.151
-0.160
-0.121
-0.104
-0.087
-0.096
-0.070
-0.079
-0.064
-0.055
-0.032
-0.025
-0.017
0.003
0.018
0.027
0.029
0.022
0.049
0.042
0.047
0.052
0.075
0.083
0.100
0.094
0.089
0.091
0.087
0.089
0.085
0.085
0.085
0.117
0.072
0.083
0.076
0.077
0.051
0.075
0.058
0.077
0.053
0.075
0.040
0.036
0.052
0.028
0.038
0.039
0.011
0.014
-0.007
-0.017
-0.031
-0.031
-0.036
-0.041
-0.026
-0.006
-0.036
-0.048
-0.076
-0.061
-0.058
-0.075
-0.063
-0.054
-0.063
-0.054
-0.055
-0.085
-0.081
-0.050
-0.061
-0.081
-0.052
-0.075
-0.030
-0.065
-0.040
-0.049
-0.031
-0.026
-0.008
-0.030
0.001
-0.004
0.005
-0.006
0.011
0.041
0.041
0.034
0.043
0.043
0.064
0.056
0.056
0.079
0.079
0.104
0.095
0.122
0.084
0.103
0.115
0.150
0.108
0.118
0.114
0.134
0.124
0.143
0.140
0.168
0.138
0.132
0.127
0.147
0.119
0.129
0.121
0.133
0.092
0.095
0.076
0.076
0.055
0.085
0.047
0.044
0.019
0.015
-0.003
-0.005
-0.022
-0.032
-0.041
-0.044
-0.069
-0.065
-0.103
-0.085
-0.109
-0.115
-0.136
-0.138
-0.138
-0.165
-0.171
-0.183
-0.175
-0.194
-0.198
-0.210
-0.204
-0.212
-0.211
-0.240
-0.209
-0.216
-0.201
-0.213
-0.215
-0.247
-0.215
-0.226
-0.194
-0.198
-0.193
-0.193
-0.183
-0.185
-0.173
-0.176
-0.159
-0.159
-0.135
-0.109
-0.124
-0.107
-0.110
-0.095
-0.081
-0.046
-0.038
-0.026
-0.015
-0.001
0.007
0.026
0.007
0.050
0.042
0.098
0.088
0.099
0.097
0.099
0.123
0.160
0.165
0.161
0.167
0.161
0.181
0.168
0.198
0.191
0.188
0.200
0.217
0.198
0.228
0.200
0.222
0.203
0.187
0.204
0.195
0.195
0.202
0.202
0.207
0.178
0.191
0.161
0.166
0.141
0.158
0.116
0.149
0.117
0.119
0.098
0.102
0.075
0.089
0.056
0.049
0.037
0.021
0.016
0.003
-0.020
-0.019
-0.055
-0.051
-0.059
-0.047
-0.060
-0.097
-0.075
-0.079
-0.094
-0.110
-0.112
-0.126
-0.108
-0.128
-0.134
-0.159
-0.138
-0.162
-0.163
-0.168
-0.142
-0.148
-0.130
-0.151
-0.130
-0.130
-0.096
-0.156
-0.179
-0.117
-0.093
-0.078
-0.129
-0.149
-0.090
-0.064
-0.059
-0.155
-0.109
-0.039
-0.062
-0.166
-0.044
0.058
-0.067
-0.143
-0.032
0.051
-0.020
-0.054
0.008
0.025
-0.011
-0.012
0.022
0.048
0.012
0.028
0.048
0.077
0.029
0.068
0.021
0.052
0.045
0.059
0.040
0.066
0.050
0.062
0.044
0.056
0.040
0.057
0.048
0.035
0.050
0.060
0.017
0.017
0.025
0.014
0.020
-0.007
-0.011
-0.015
-0.005
-0.024
-0.013
-0.012
-0.025
-0.024
-0.020
-0.050
-0.026
-0.048
-0.025
-0.051
-0.043
-0.046
-0.051
-0.037
-0.045
-0.048
-0.032
-0.035
-0.021
-0.050
-0.042
-0.022
-0.006
-0.023
-0.012
-0.008
-0.000
-0.012
-0.007
0.012
0.003
0.020
0.001
0.014
0.018
0.016
0.008
0.007
0.023
0.037
0.011
0.040
0.002
0.023
0.005
0.020
0.006
0.008
0.031
0.015
-0.002
-0.003
-0.035
-0.014
-0.025
-0.031
-0.038
-0.009
-0.036
-0.041
-0.046
-0.054
-0.078
-0.103
-0.051
-0.075
-0.091
-0.088
-0.063
-0.099
-0.078
-0.100
-0.055
-0.079
-0.046
-0.066
-0.040
-0.084
-0.053
-0.067
-0.046
-0.042
-0.039
-0.038
-0.041
-0.046
-0.014
-0.032
-0.003
-0.022
-0.004
-0.033
-0.010
-0.023
0.006
-0.017
-0.005
-0.034
0.001
0.010
0.009
0.018
0.022
0.031
0.049
0.050
0.058
0.041
0.047
0.057
0.071
0.092
0.096
0.101
0.089
0.097
0.103
0.086
0.106
0.109
0.093
0.114
0.084
0.110
0.099
0.119
0.115
0.129
0.133
0.138
0.107
0.118
0.126
0.140
0.116
0.145
0.136
0.145
0.130
0.140
0.142
0.147
0.133
0.126
0.128
0.163
0.139
0.130
0.139
0.102
0.091
0.132
0.108
0.094
0.096
0.103
0.114
0.107
0.128
0.081
0.093
0.078
0.078
0.062
0.077
0.040
0.050
0.022
0.042
0.016
0.012
0.001
0.011
-0.012
-0.012
-0.058
-0.057
-0.072
-0.060
-0.092
-0.072
-0.102
-0.098
-0.113
-0.114
-0.131
-0.155
-0.154
-0.178
-0.162
-0.187
-0.165
-0.204
-0.206
-0.226
-0.224
-0.251
-0.249
-0.229
-0.230
-0.256
-0.271
-0.295
-0.269
-0.289
-0.287
-0.270
-0.263
-0.276
-0.295
-0.293
-0.297
-0.302
-0.296
-0.278
-0.259
-0.242
-0.282
-0.239
-0.268
-0.241
-0.238
-0.232
-0.194
-0.187
-0.185
-0.154
-0.162
-0.155
-0.138
-0.127
-0.101
-0.090
-0.075
-0.064
-0.040
-0.008
0.009
0.002
0.030
0.036
0.053
0.058
0.095
0.111
0.107
0.133
0.156
0.178
0.203
0.207
0.225
0.244
0.266
0.253
0.280
0.273
0.279
0.304
0.296
0.316
0.338
0.344
0.342
0.332
0.356
0.351
0.330
0.343
0.363
0.353
0.372
0.328
0.341
0.327
0.327
0.317
0.312
0.335
0.315
0.285
0.281
0.249
0.254
0.248
0.242
0.207
0.203
0.173
0.171
0.155
0.138
0.131
0.120
0.099
0.074
0.065
0.033
0.032
0.015
-0.015
-0.012
-0.034
-0.047
-0.057
-0.090
-0.067
-0.102
-0.104
-0.152
-0.138
-0.147
-0.131
-0.223
-0.197
-0.213
-0.155
-0.180
-0.200
-0.261
-0.262
-0.227
-0.197
-0.192
-0.236
-0.220
-0.249
-0.256
-0.222
-0.192
-0.202
-0.255
-0.240
-0.160
-0.172
-0.167
-0.220
-0.182
-0.153
-0.144
-0.181
-0.128
-0.141
-0.168
-0.183
-0.041
-0.052
-0.145
-0.133
0.016
-0.028
-0.084
-0.078
-0.036
-0.029
-0.041
-0.008
0.046
-0.000
0.001
0.007
0.025
0.026
0.042
0.058
0.043
0.073
0.075
0.089
0.050
0.063
0.081
0.080
0.091
0.127
0.081
0.091
0.069
0.073
0.069
0.091
0.060
0.077
0.068
0.094
0.033
0.047
0.061
0.049
0.021
0.046
0.078
0.044
0.007
0.014
0.008
0.016
-0.015
0.005
-0.006
0.006
-0.021
-0.015
-0.029
-0.032
-0.042
-0.041
-0.014
-0.045
-0.034
-0.049
-0.051
-0.066
-0.070
-0.061
-0.069
-0.057
-0.033
-0.054
-0.033
-0.067
-0.049
-0.080
-0.055
-0.049
-0.047
-0.042
-0.046
-0.029
-0.024
-0.037
-0.044
-0.034
-0.014
-0.027
0.005
0.014
0.016
0.024
0.007
0.013
0.022
0.031
0.032
0.050
0.065
0.072
0.057
0.057
0.043
0.063
0.073
0.094
0.077
0.092
0.071
0.081
0.079
0.104
0.101
0.110
0.114
0.102
0.080
0.109
0.063
0.096
0.061
0.097
0.077
0.083
0.088
0.077
0.059
0.071
0.037
0.043
0.021
0.041
0.006
0.004
0.001
-0.011
0.011
-0.018
-0.021
-0.032
-0.047
-0.044
-0.065
-0.093
-0.071
-0.090
-0.079
-0.096
-0.097
-0.094
-0.087
-0.078
-0.072
-0.116
-0.073
-0.092
-0.096
-0.105
-0.097
-0.141
-0.102
-0.074
-0.094
-0.155
-0.136
-0.096
-0.087
-0.059
-0.096
-0.121
-0.096
-0.023
-0.065
-0.081
-0.115
-0.075
-0.086
-0.046
0.013
0.030
-0.035
-0.077
-0.037
0.071
0.057
0.019
-0.022
0.022
0.046
0.066
0.063
0.077
0.051
0.075
0.103
0.109
0.100
0.095
0.074
0.108
0.139
0.155
0.121
0.113
0.119
0.156
0.143
0.140
0.141
0.125
0.143
0.157
0.133
0.135
0.131
0.130
0.138
0.146
0.138
0.109
0.102
0.110
0.104
0.087
0.100
0.082
0.082
0.063
0.073
0.057
0.046
0.039
0.038
0.018
0.039
-0.000
-0.005
-0.002
-0.001
-0.025
-0.029
-0.058
-0.072
-0.084
-0.083
-0.092
-0.086
-0.073
-0.109
-0.116
-0.117
-0.097
-0.123
-0.127
-0.123
-0.110
-0.113
-0.104
-0.122
-0.087
-0.111
-0.112
-0.123
-0.082
-0.106
-0.089
-0.115
-0.107
-0.140
-0.100
-0.127
-0.096
-0.110
-0.090
-0.102
-0.088
-0.099
-0.084
-0.082
-0.076
-0.057
-0.047
-0.057
-0.056
-0.066
-0.070
-0.058
-0.059
-0.038
-0.041
-0.011
-0.009
-0.013
-0.029
0.002
-0.016
-0.006
-0.009
-0.014
0.004
0.010
0.009
0.016
-0.004
0.012
0.009
0.009
-0.003
0.014
-0.011
0.007
0.001
0.014
-0.011
-0.009
-0.045
-0.009
-0.020
-0.023
-0.024
-0.007
-0.019
-0.045
-0.061
-0.049
-0.025
-0.021
-0.024
-0.036
-0.038
-0.031
-0.033
-0.036
-0.045
-0.005
0.013
-0.005
0.008
-0.001
0.028
0.014
0.023
-0.001
0.036
0.029
0.049
0.032
0.055
0.027
0.081
0.053
0.078
0.060
0.065
0.081
0.093
0.063
0.070
0.072
0.072
0.054
0.070
0.040
0.055
0.059
0.021
0.031
0.032
0.017
-0.004
0.010
0.029
0.009
-0.008
-0.016
-0.017
-0.015
-0.029
-0.019
-0.014
-0.007
-0.025
0.006
-0.033
-0.016
-0.054
-0.030
-0.039
-0.048
-0.042
-0.014
-0.021
-0.019
-0.062
-0.058
-0.068
-0.051
-0.033
-0.025
-0.026
-0.006
-0.018
-0.022
-0.013
-0.015
-0.016
-0.009
-0.011
-0.017
-0.010
-0.010
-0.006
-0.025
-0.007
-0.000
0.020
0.020
0.025
0.014
0.022
0.001
0.034
0.010
0.045
0.030
0.047
0.021
0.048
0.024
0.061
0.037
0.068
0.067
0.062
0.066
0.063
0.069
0.073
0.076
0.085
0.052
0.102
0.077
0.075
0.075
0.100
0.067
0.096
0.090
0.096
0.067
0.121
0.095
0.091
0.085
0.091
0.090
0.099
0.090
0.089
0.098
0.093
0.101
0.068
0.091
0.066
0.069
0.060
0.093
0.060
0.075
0.062
0.100
0.052
0.053
0.045
0.037
0.042
0.021
0.054
0.047
0.015
0.022
0.002
0.012
0.016
0.002
0.025
-0.023
-0.001
-0.035
-0.018
-0.023
-0.008
-0.017
-0.019
-0.050
-0.046
-0.060
-0.066
-0.077
-0.054
-0.076
-0.077
-0.084
-0.085
-0.108
-0.101
-0.136
-0.142
-0.090
-0.123
-0.105
-0.142
-0.134
-0.157
-0.117
-0.148
-0.146
-0.147
-0.150
-0.163
-0.144
-0.159
-0.141
-0.166
-0.164
-0.159
-0.158
-0.159
-0.170
-0.177
-0.178
-0.184
-0.171
-0.173
-0.186
-0.170
-0.151
-0.139
-0.145
-0.149
-0.140
-0.159
-0.151
-0.152
-0.105
-0.120
-0.093
-0.109
-0.105
-0.082
-0.089
-0.062
-0.056
-0.050
-0.066
-0.029
-0.054
-0.032
-0.032
-0.011
-0.021
0.019
0.013
0.037
0.023
0.060
0.045
0.079
0.077
0.098
0.108
0.116
0.111
0.128
0.110
0.142
0.129
0.167
0.160
0.210
0.166
0.209
0.213
0.193
0.179
0.193
0.173
0.224
0.222
0.275
0.172
0.201
0.236
0.252
0.265
0.166
0.216
0.225
0.261
0.200
0.169
0.219
0.294
0.151
0.117
0.249
0.272
0.128
0.093
0.187
0.234
0.119
0.100
0.146
0.152
0.074
0.087
0.109
0.084
0.041
0.045
0.043
0.039
0.019
0.005
-0.002
0.001
-0.013
-0.036
-0.011
-0.040
-0.065
-0.063
-0.058
-0.076
-0.062
-0.092
-0.117
-0.119
-0.107
-0.132
-0.145
-0.142
-0.149
-0.153
-0.170
-0.156
-0.136
-0.178
-0.141
-0.158
-0.149
-0.168
-0.157
-0.174
-0.169
-0.162
-0.157
-0.144
-0.147
-0.151
-0.146
-0.137
-0.151
-0.125
-0.122
-0.107
-0.092
-0.113
-0.102
-0.080
-0.077
-0.068
-0.077
-0.062
-0.044
-0.048
-0.063
-0.038
-0.039
-0.035
-0.014
-0.019
-0.016
0.004
-0.024
-0.010
-0.019
0.001
0.027
0.039
0.034
0.044
0.018
0.033
0.020
0.036
0.053
0.057
0.054
0.035
0.034
0.040
0.053
0.064
0.050
0.047
0.038
0.017
0.041
0.015
0.014
0.005
0.022
0.019
0.012
-0.007
0.022
-0.006
0.008
-0.012
-0.004
-0.011
-0.014
-0.031
-0.013
-0.035
-0.024
-0.032
-0.030
-0.056
-0.045
-0.060
-0.046
-0.067
-0.039
-0.041
-0.030
-0.054
-0.045
-0.061
-0.066
-0.061
-0.074
-0.043
-0.026
-0.027
-0.037
-0.033
-0.020
-0.038
-0.042
-0.029
-0.018
-0.007
-0.022
-0.013
-0.024
0.010
0.016
0.008
-0.001
0.038
0.019
0.036
0.007
0.010
0.020
0.058
0.054
0.075
0.058
0.087
0.086
0.074
0.073
0.070
0.069
0.090
0.097
0.091
0.090
0.092
0.088
0.084
0.063
0.064
0.085
0.072
0.085
0.072
0.088
0.053
0.081
0.036
0.072
0.048
0.059
0.027
0.062
0.047
0.037
0.013
0.020
0.020
0.003
0.003
0.021
-0.012
-0.007
-0.044
-0.046
-0.047
-0.025
-0.047
-0.050
-0.037
-0.050
-0.066
-0.068
-0.072
-0.071
-0.077
-0.068
-0.066
-0.065
-0.078
-0.084
-0.070
-0.094
-0.108
-0.108
-0.083
-0.095
-0.095
-0.100
-0.085
-0.095
-0.076
-0.082
-0.056
-0.080
-0.052
-0.080
-0.058
-0.077
-0.062
-0.054
-0.034
-0.032
-0.038
-0.016
-0.004
-0.026
-0.002
0.006
0.020
0.033
0.033
0.042
0.034
0.032
0.038
0.036
0.041
0.039
0.067
0.059
0.071
0.081
0.069
0.068
0.071
0.095
0.079
0.093
0.072
0.084
0.096
0.099
0.075
0.094
0.093
0.097
0.094
0.097
0.069
0.112
0.071
0.102
0.059
0.082
0.046
0.060
0.059
0.065
0.063
0.051
0.045
0.037
0.028
0.042
0.026
0.037
0.009
0.013
0.017
-0.004
-0.014
-0.028
-0.025
-0.037
-0.011
-0.031
-0.036
-0.051
-0.036
-0.056
-0.064
-0.065
-0.067
-0.058
-0.067
-0.105
-0.073
-0.076
-0.070
-0.075
-0.076
-0.073
-0.073
-0.106
-0.104
-0.124
-0.107
-0.082
-0.097
-0.070
-0.093
-0.079
-0.096
-0.074
-0.093
-0.103
-0.096
-0.062
-0.097
-0.054
-0.074
-0.073
-0.068
-0.088
-0.063
-0.035
-0.070
-0.044
-0.067
-0.018
-0.050
-0.040
-0.050
-0.024
-0.021
-0.007
-0.047
-0.013
-0.030
-0.008
-0.007
-0.013
-0.059
-0.045
0.003
0.016
0.011
-0.021
-0.039
-0.025
-0.027
0.006
0.012
-0.007
0.003
-0.003
0.033
0.001
0.027
-0.018
-0.038
0.006
0.046
0.007
0.048
0.057
0.014
-0.029
0.094
0.090
0.016
-0.016
0.082
0.100
0.054
0.035
0.090
0.069
0.067
0.075
0.083
0.081
0.077
0.041
0.071
0.074
0.094
0.077
0.046
0.056
0.067
0.100
0.062
0.052
0.073
0.075
0.062
0.090
0.063
0.082
0.052
0.072
0.043
0.066
0.051
0.052
0.036
0.078
0.032
0.050
0.066
0.078
0.006
0.030
0.023
0.022
0.004
0.014
0.032
0.021
-0.001
0.023
-0.001
-0.003
-0.004
-0.009
0.009
0.004
-0.013
-0.015
-0.016
-0.023
-0.026
-0.025
-0.022
-0.030
-0.021
-0.021
-0.042
-0.038
-0.047
-0.058
-0.048
-0.095
-0.064
-0.074
-0.055
-0.048
-0.046
-0.032
-0.021
-0.031
-0.006
-0.002
0.030
-0.004
-0.023
-0.014
-0.002
-0.031
-0.017
-0.016
-0.008
-0.009
0.009
-0.011
0.003
0.007
0.014
0.005
0.002
0.028
0.021
0.030
0.035
0.049
0.033
0.048
0.049
0.042
0.056
0.050
0.042
0.067
0.041
0.056
0.038
0.069
0.068
0.073
0.071
0.097
0.062
0.083
0.065
0.077
0.083
0.091
0.080
0.072
0.079
0.088
0.078
0.082
0.098
0.092
0.079
0.076
0.063
0.075
0.074
0.062
0.067
0.059
0.076
0.064
0.049
0.041
0.069
0.063
0.076
0.064
0.086
0.053
0.058
0.024
0.027
0.023
0.030
0.045
0.037
0.032
0.020
0.017
-0.001
0.001
0.037
0.011
-0.044
-0.045
-0.032
0.023
0.001
-0.047
-0.077
-0.051
0.001
0.001
-0.057
-0.071
-0.092
-0.090
-0.077
-0.012
-0.019
-0.075
-0.146
-0.098
-0.020
0.018
-0.105
-0.121
-0.120
-0.067
-0.065
-0.043
-0.092
-0.086
-0.119
-0.097
-0.075
-0.080
-0.116
-0.132
-0.115
-0.053
-0.087
-0.083
-0.124
-0.103
-0.066
-0.075
-0.089
-0.096
-0.091
-0.081
-0.072
-0.082
-0.070
-0.097
-0.096
-0.072
-0.031
-0.066
-0.048
-0.081
-0.062
-0.062
-0.035
-0.031
-0.019
-0.006
0.007
-0.008
-0.003
-0.023
-0.009
0.003
0.037
0.031
0.053
0.047
0.066
0.042
0.060
0.064
0.073
0.088
0.083
0.096
0.116
0.091
0.082
0.112
0.120
0.128
0.136
0.151
0.138
0.167
0.148
0.170
0.127
0.159
0.144
0.168
0.182
0.185
0.159
0.189
0.174
0.179
0.172
0.181
0.172
0.178
0.155
0.181
0.143
0.170
0.134
0.153
0.128
0.136
0.155
0.146
0.143
0.136
0.125
0.095
0.114
0.077
0.097
0.083
0.077
0.090
0.105
0.079
0.054
0.034
0.039
0.032
0.021
-0.001
-0.013
-0.037
-0.047
-0.070
-0.053
-0.057
-0.041
-0.054
-0.063
-0.087
-0.074
-0.099
-0.085
-0.102
-0.102
-0.103
-0.086
-0.091
-0.133
-0.142
-0.138
-0.139
-0.126
-0.122
-0.120
-0.112
-0.118
-0.119
-0.128
-0.139
-0.131
-0.114
-0.124
-0.119
-0.126
-0.096
-0.106
-0.100
-0.111
-0.097
-0.098
-0.068
-0.104
-0.053
-0.081
-0.046
-0.071
-0.052
-0.068
-0.047
-0.034
-0.024
-0.028
-0.003
-0.005
-0.009
-0.012
0.010
0.008
0.029
0.033
0.066
0.056
0.014
0.023
-0.006
0.036
0.035
0.043
0.025
0.015
-0.008
-0.011
0.012
0.010
0.014
0.043
0.029
0.055
0.046
0.055
0.021
0.031
0.028
0.034
0.029
0.048
0.012
0.021
-0.005
0.009
0.016
0.028
0.035
0.021
0.034
0.009
-0.008
-0.016
-0.007
-0.007
-0.007
0.002
0.004
-0.006
0.010
-0.017
-0.018
-0.027
-0.043
-0.037
-0.016
-0.029
-0.019
-0.042
-0.007
-0.054
-0.031
-0.029
-0.011
-0.027
-0.015
-0.026
-0.013
-0.037
0.001
-0.032
-0.000
-0.023
-0.023
-0.013
-0.024
-0.013
-0.002
-0.012
0.002
0.006
0.002
0.031
0.015
0.029
0.025
0.016
0.007
0.016
0.018
0.019
0.042
0.053
0.022
0.042
0.022
0.026
0.022
0.024
0.040
0.037
0.049
0.048
0.024
0.037
0.009
0.038
0.046
0.057
0.074
0.022
0.023
0.019
0.000
-0.014
0.010
0.013
0.036
0.028
0.015
0.016
0.003
0.002
-0.009
-0.005
0.029
-0.000
0.021
-0.008
-0.029
-0.034
-0.030
-0.040
-0.016
-0.033
0.001
-0.044
-0.024
-0.032
-0.063
-0.049
-0.018
-0.045
-0.041
-0.041
-0.038
-0.048
-0.026
-0.043
-0.036
-0.059
-0.051
-0.057
-0.046
-0.053
-0.046
-0.060
-0.069
-0.054
-0.040
-0.033
-0.036
-0.037
0.002
-0.023
-0.044
-0.033
-0.032
-0.036
-0.021
-0.002
-0.007
-0.007
-0.010
-0.002
-0.007
0.029
0.011
0.014
0.010
0.031
0.029
0.037
0.044
0.023
0.042
0.047
0.038
0.054
0.031
0.052
0.055
0.048
0.042
0.056
0.041
0.060
0.070
0.058
0.057
0.049
0.060
0.066
0.063
0.044
0.061
0.030
0.046
0.027
0.056
0.029
0.057
0.026
0.034
0.020
0.030
0.021
0.048
0.031
0.044
0.012
0.033
0.002
0.019
0.000
-0.004
-0.008
0.006
-0.029
-0.007
-0.007
0.012
-0.079
-0.057
-0.023
0.000
-0.003
-0.099
-0.059
-0.051
0.021
-0.050
-0.089
-0.032
-0.002
-0.098
-0.117
0.018
0.014
-0.109
-0.150
-0.016
0.018
-0.124
-0.100
-0.069
-0.049
-0.091
-0.077
-0.035
-0.037
-0.062
-0.065
-0.054
-0.021
-0.038
-0.052
-0.055
-0.049
-0.057
-0.053
-0.042
-0.037
-0.049
-0.029
-0.030
-0.029
-0.030
-0.040
-0.033
-0.032
-0.022
-0.015
-0.015
-0.022
-0.012
-0.026
-0.037
-0.040
-0.019
-0.030
-0.024
-0.015
-0.011
-0.026
-0.032
-0.045
-0.026
-0.032
0.004
-0.017
0.005
-0.008
-0.003
-0.033
-0.014
0.001
0.013
-0.015
0.007
-0.011
0.014
-0.002
-0.005
0.004
0.025
0.037
0.027
0.034
0.023
0.040
0.041
0.017
0.014
0.025
0.034
0.051
0.044
0.045
0.047
0.054
0.042
0.041
0.020
0.037
0.029
0.052
0.038
0.045
0.039
0.021
0.035
0.044
0.030
0.047
0.026
0.042
0.031
0.050
0.031
0.035
0.019
0.038
0.016
0.034
0.015
0.021
0.019
0.031
0.020
0.029
0.018
0.005
-0.001
0.016
0.011
-0.004
-0.001
-0.016
0.023
-0.018
0.001
-0.013
-0.013
-0.021
-0.019
-0.032
-0.010
-0.030
-0.012
-0.024
-0.013
-0.036
-0.019
-0.032
-0.011
-0.020
-0.007
-0.040
-0.015
-0.045
-0.011
-0.031
-0.044
-0.014
-0.013
-0.020
-0.033
-0.016
-0.018
-0.012
-0.021
-0.020
-0.009
-0.013
-0.023
-0.040
-0.026
0.001
-0.000
-0.011
0.013
-0.005
-0.014
0.004
-0.009
0.014
0.002
0.014
0.002
0.022
0.015
0.030
-0.015
0.043
0.005
0.034
0.027
0.043
0.033
0.026
0.050
0.045
0.038
0.034
0.043
0.043
0.064
0.037
0.057
0.031
0.067
0.047
0.036
0.018
0.040
0.032
0.053
0.034
0.068
0.037
0.063
0.037
0.057
0.048
0.047
0.028
0.049
0.030
0.056
0.022
0.037
0.021
0.018
0.020
0.048
0.028
0.041
0.022
0.021
0.021
0.019
-0.001
0.010
0.028
0.001
0.002
-0.020
0.006
-0.017
-0.002
-0.015
0.008
-0.024
-0.011
-0.027
-0.023
-0.045
-0.026
-0.046
-0.034
-0.037
-0.046
-0.049
-0.030
-0.051
-0.027
-0.049
-0.054
-0.066
-0.066
-0.064
-0.048
-0.085
-0.036
-0.068
-0.061
-0.079
-0.065
-0.066
-0.058
-0.069
-0.074
-0.080
-0.065
-0.085
-0.089
-0.079
-0.080
-0.061
-0.083
-0.053
-0.100
-0.071
-0.088
-0.074
-0.079
-0.078
-0.074
-0.044
-0.081
-0.061
-0.079
-0.085
-0.073
-0.064
-0.068
-0.029
-0.048
-0.024
-0.051
-0.035
-0.050
-0.040
-0.026
-0.027
-0.033
0.009
-0.000
-0.007
-0.004
0.009
0.006
0.019
0.015
0.022
0.036
0.035
0.042
0.028
0.038
0.043
0.052
0.043
0.072
0.070
0.075
0.052
0.066
0.073
0.087
0.093
0.094
0.085
0.106
0.113
0.141
0.108
0.100
0.106
0.111
0.106
0.108
0.113
0.122
0.127
0.122
0.116
0.108
0.122
0.123
0.140
0.124
0.147
0.141
0.153
0.109
0.129
0.116
0.140
0.100
0.121
0.084
0.097
0.071
0.083
0.064
0.087
0.080
0.091
0.072
0.079
0.051
0.047
0.042
0.028
0.053
0.043
-0.015
0.022
0.024
0.049
-0.001
-0.058
-0.095
0.014
-0.004
-0.005
-0.043
-0.055
-0.003
-0.029
-0.085
-0.046
0.008
-0.052
-0.158
-0.098
0.037
-0.043
-0.149
-0.099
-0.028
-0.079
-0.100
-0.088
-0.055
-0.078
-0.074
-0.052
-0.067
-0.093
-0.078
-0.062
-0.037
-0.056
-0.066
-0.085
-0.064
-0.060
-0.052
-0.058
-0.025
-0.028
-0.013
-0.046
0.012
0.007
0.042
