0.034
-0.005
0.006
-0.015
0.015
-0.040
-0.016
-0.007
-0.012
-0.073
-0.030
-0.000
-0.007
-0.057
-0.018
0.025
-0.008
-0.049
-0.035
-0.022
0.006
-0.054
-0.013
-0.032
-0.015
-0.014
-0.018
-0.027
0.003
-0.016
-0.011
0.013
0.002
0.004
0.001
-0.005
-0.027
-0.007
0.018
-0.002
-0.007
0.012
-0.001
0.036
0.017
0.022
0.001
0.030
0.020
0.025
-0.001
0.007
0.012
0.053
0.033
0.054
0.034
0.040
0.029
0.037
0.054
0.052
0.055
0.065
0.059
0.065
0.065
0.073
0.088
0.084
0.092
0.074
0.093
0.078
0.095
0.097
0.104
0.088
0.105
0.102
0.099
0.058
0.105
0.108
0.095
0.093
0.100
0.067
0.105
0.080
0.100
0.087
0.112
0.090
0.090
0.077
0.093
0.074
0.088
0.068
0.088
0.064
0.094
0.059
0.042
0.040
0.012
0.036
0.014
0.018
0.022
-0.008
-0.011
-0.026
-0.047
-0.050
-0.060
-0.034
-0.102
-0.088
-0.098
-0.098
-0.088
-0.116
-0.154
-0.145
-0.164
-0.166
-0.160
-0.167
-0.255
-0.211
-0.154
-0.217
-0.275
-0.271
-0.220
-0.210
-0.211
-0.274
-0.299
-0.281
-0.205
-0.253
-0.299
-0.301
-0.294
-0.306
-0.264
-0.237
-0.198
-0.297
-0.341
-0.282
-0.151
-0.169
-0.216
-0.281
-0.219
-0.186
-0.152
-0.176
-0.157
-0.181
-0.115
-0.113
-0.061
-0.075
-0.050
-0.082
-0.020
-0.005
0.054
0.026
0.040
0.041
0.089
0.095
0.123
0.129
0.151
0.174
0.222
0.205
0.213
0.218
0.233
0.272
0.300
0.295
0.277
0.289
0.332
0.328
0.309
0.351
0.344
0.328
0.337
0.380
0.361
0.375
0.341
0.361
0.358
0.380
0.341
0.346
0.314
0.328
0.313
0.316
0.292
0.291
0.276
0.252
0.225
0.208
0.197
0.184
0.207
0.183
0.162
0.143
0.153
0.116
0.095
0.060
0.070
0.010
0.007
-0.043
-0.007
-0.055
-0.065
-0.077
-0.093
-0.107
-0.115
-0.153
-0.163
-0.191
-0.172
-0.214
-0.228
-0.256
-0.261
-0.269
-0.260
-0.274
-0.254
-0.276
-0.293
-0.288
-0.307
-0.325
-0.306
-0.305
-0.294
-0.297
-0.282
-0.310
-0.306
-0.294
-0.314
-0.262
-0.273
-0.219
-0.228
-0.229
-0.254
-0.242
-0.234
-0.203
-0.213
-0.167
-0.174
-0.143
-0.150
-0.114
-0.115
-0.103
-0.101
-0.065
-0.068
-0.030
-0.073
-0.023
-0.029
-0.009
-0.009
0.025
0.036
0.048
0.051
0.064
0.073
0.073
0.096
0.089
0.106
0.100
0.128
0.107
0.121
0.112
0.148
0.101
0.124
0.112
0.141
0.119
0.149
0.110
0.128
0.095
0.114
0.086
0.116
0.077
0.092
0.090
0.094
0.053
0.047
0.058
0.040
0.032
0.033
0.026
0.034
0.017
0.012
0.006
0.004
0.000
-0.018
0.010
-0.027
-0.011
-0.048
-0.041
-0.059
-0.049
-0.071
-0.048
-0.076
-0.032
-0.056
-0.050
-0.081
-0.073
-0.068
-0.052
-0.067
-0.018
-0.043
-0.034
-0.037
-0.035
-0.069
-0.021
0.006
-0.018
-0.041
-0.016
-0.030
0.013
0.002
0.017
0.018
0.039
0.047
0.061
0.047
0.066
0.060
0.078
0.073
0.074
0.109
0.092
0.092
0.074
0.097
0.098
0.102
0.082
0.111
0.109
0.131
0.106
0.136
0.087
0.119
0.104
0.123
0.071
0.099
0.073
0.125
0.087
0.104
0.100
0.103
0.056
0.050
0.053
0.026
0.034
0.015
-0.008
0.010
-0.040
-0.036
-0.057
-0.057
-0.069
-0.054
-0.080
-0.091
-0.128
-0.098
-0.121
-0.134
-0.140
-0.147
-0.151
-0.175
-0.172
-0.188
-0.192
-0.179
-0.186
-0.210
-0.206
-0.211
-0.197
-0.213
-0.212
-0.226
-0.191
-0.224
-0.187
-0.201
-0.189
-0.187
-0.192
-0.179
-0.156
-0.139
-0.134
-0.146
-0.146
-0.156
-0.121
-0.100
-0.092
-0.065
-0.076
-0.032
-0.070
-0.029
-0.032
0.000
0.013
0.015
0.030
0.040
0.037
0.077
0.063
0.099
0.098
0.126
0.138
0.133
0.142
0.154
0.167
0.151
0.169
0.188
0.206
0.195
0.202
0.197
0.230
0.205
0.245
0.227
0.242
0.204
0.242
0.211
0.227
0.195
0.223
0.187
0.205
0.202
0.197
0.177
0.191
0.167
0.162
0.130
0.123
0.128
0.113
0.129
0.111
0.103
0.089
0.057
0.051
0.034
0.037
0.007
0.020
0.001
0.011
-0.015
-0.025
-0.032
-0.058
-0.056
-0.078
-0.075
-0.099
-0.087
-0.127
-0.106
-0.141
-0.130
-0.155
-0.163
-0.169
-0.136
-0.163
-0.157
-0.183
-0.153
-0.159
-0.163
-0.183
-0.159
-0.189
-0.137
-0.167
-0.150
-0.174
-0.120
-0.165
-0.136
-0.133
-0.103
-0.120
-0.094
-0.137
-0.085
-0.087
-0.052
-0.139
-0.116
-0.059
-0.038
-0.006
-0.116
-0.059
-0.023
0.032
-0.026
-0.080
0.005
0.094
-0.021
-0.082
0.093
0.137
-0.041
-0.049
0.084
0.138
0.026
0.028
0.086
0.090
0.025
0.034
0.098
0.080
0.056
0.069
0.086
0.071
0.058
0.054
0.047
0.090
0.071
0.057
0.078
0.054
0.064
0.041
0.058
0.025
0.045
0.028
0.037
-0.003
0.036
0.003
-0.028
-0.017
-0.017
-0.025
-0.011
-0.049
-0.018
-0.044
-0.010
-0.039
-0.012
-0.032
-0.029
-0.036
-0.043
-0.049
-0.037
-0.054
-0.028
-0.043
-0.039
-0.037
-0.044
-0.023
-0.029
-0.012
-0.003
-0.006
-0.010
-0.006
-0.005
0.027
0.010
0.021
0.031
0.027
0.007
0.021
0.022
0.043
0.020
0.037
-0.009
0.033
0.005
0.031
-0.004
0.019
0.023
0.040
0.013
0.027
-0.022
0.006
-0.025
0.005
0.011
0.018
0.016
-0.028
-0.040
-0.039
-0.041
-0.025
-0.032
-0.049
-0.035
-0.049
-0.057
-0.062
-0.062
-0.073
-0.087
-0.070
-0.035
-0.077
-0.051
-0.056
-0.036
-0.061
-0.022
-0.033
-0.006
-0.028
-0.004
-0.018
0.003
-0.029
0.011
-0.011
0.026
0.011
0.020
0.026
0.028
0.038
0.060
0.038
0.059
0.036
0.048
0.047
0.035
0.043
0.054
0.049
0.052
0.051
0.088
0.087
0.091
0.113
0.103
0.117
0.107
0.103
0.092
0.108
0.111
0.120
0.107
0.129
0.124
0.128
0.097
0.127
0.105
0.120
0.130
0.128
0.102
0.118
0.102
0.119
0.123
0.109
0.112
0.128
0.129
0.104
0.075
0.084
0.116
0.090
0.099
0.101
0.091
0.073
0.080
0.059
0.081
0.051
0.067
0.039
0.082
0.055
0.066
0.018
0.056
0.003
0.033
0.021
0.027
0.007
0.011
-0.004
0.006
-0.022
-0.025
-0.060
-0.044
-0.067
-0.055
-0.084
-0.081
-0.099
-0.078
-0.127
-0.094
-0.118
-0.121
-0.131
-0.121
-0.137
-0.164
-0.185
-0.191
-0.176
-0.195
-0.182
-0.208
-0.201
-0.214
-0.222
-0.224
-0.224
-0.248
-0.221
-0.236
-0.208
-0.239
-0.213
-0.257
-0.245
-0.248
-0.245
-0.261
-0.231
-0.220
-0.225
-0.239
-0.222
-0.247
-0.215
-0.215
-0.190
-0.187
-0.177
-0.189
-0.178
-0.167
-0.159
-0.158
-0.136
-0.115
-0.082
-0.085
-0.065
-0.062
-0.063
-0.033
-0.025
0.013
0.027
0.054
0.059
0.088
0.069
0.102
0.104
0.143
0.144
0.175
0.178
0.201
0.196
0.238
0.223
0.237
0.243
0.257
0.265
0.276
0.288
0.292
0.318
0.327
0.340
0.334
0.366
0.354
0.370
0.367
0.348
0.353
0.371
0.342
0.353
0.317
0.342
0.324
0.366
0.317
0.314
0.283
0.304
0.280
0.268
0.266
0.280
0.265
0.248
0.189
0.197
0.174
0.157
0.144
0.134
0.144
0.107
0.076
0.054
0.030
0.017
0.038
-0.002
-0.017
-0.040
-0.046
-0.064
-0.078
-0.095
-0.100
-0.127
-0.118
-0.166
-0.164
-0.213
-0.186
-0.209
-0.225
-0.233
-0.230
-0.245
-0.235
-0.254
-0.223
-0.279
-0.258
-0.288
-0.249
-0.268
-0.241
-0.287
-0.243
-0.299
-0.244
-0.257
-0.239
-0.298
-0.275
-0.230
-0.182
-0.188
-0.239
-0.237
-0.225
-0.179
-0.122
-0.128
-0.142
-0.158
-0.151
-0.053
-0.106
-0.062
-0.110
-0.107
-0.075
-0.009
-0.061
-0.028
-0.012
-0.050
-0.082
0.079
0.101
-0.013
-0.046
0.107
0.096
0.048
0.024
0.085
0.103
0.077
0.102
0.123
0.089
0.099
0.082
0.105
0.112
0.110
0.116
0.104
0.109
0.109
0.120
0.093
0.087
0.098
0.110
0.090
0.125
0.081
0.067
0.064
0.048
0.083
0.059
0.061
0.023
0.036
0.055
0.010
-0.022
0.027
0.036
0.008
-0.020
0.038
-0.010
-0.021
-0.046
-0.012
-0.033
-0.022
-0.040
-0.020
-0.047
-0.065
-0.055
-0.066
-0.051
-0.046
-0.030
-0.049
-0.053
-0.057
-0.067
-0.046
-0.047
-0.073
-0.043
-0.049
-0.012
-0.033
-0.012
-0.037
-0.038
-0.030
-0.017
-0.013
-0.001
-0.010
0.029
0.002
0.034
0.005
0.018
0.006
0.046
0.040
0.045
0.041
0.061
0.056
0.067
0.055
0.077
0.074
0.075
0.087
0.088
0.093
0.082
0.085
0.075
0.085
0.068
0.096
0.071
0.081
0.073
0.067
0.085
0.094
0.081
0.105
0.082
0.097
0.052
0.060
0.027
0.037
0.044
0.011
0.031
0.016
0.003
-0.001
-0.034
-0.016
-0.022
-0.044
-0.031
-0.040
-0.044
-0.067
-0.075
-0.079
-0.060
-0.090
-0.080
-0.096
-0.087
-0.105
-0.084
-0.122
-0.131
-0.106
-0.100
-0.111
-0.092
-0.110
-0.078
-0.113
-0.076
-0.113
-0.137
-0.063
-0.038
-0.106
-0.121
-0.124
-0.023
-0.027
-0.047
-0.112
-0.094
-0.028
0.031
-0.015
-0.011
-0.038
-0.042
-0.060
0.023
0.051
0.074
-0.059
-0.036
0.025
0.144
0.111
0.042
0.010
0.060
0.105
0.125
0.114
0.087
0.073
0.087
0.119
0.139
0.150
0.108
0.118
0.135
0.170
0.127
0.131
0.105
0.137
0.139
0.162
0.132
0.114
0.095
0.106
0.122
0.103
0.115
0.077
0.089
0.094
0.103
0.071
0.086
0.067
0.072
0.056
0.061
0.047
0.022
0.013
0.020
-0.017
-0.010
-0.006
-0.041
-0.043
-0.049
-0.036
-0.058
-0.069
-0.080
-0.083
-0.099
-0.065
-0.098
-0.085
-0.097
-0.115
-0.138
-0.134
-0.169
-0.138
-0.145
-0.122
-0.155
-0.119
-0.144
-0.163
-0.173
-0.159
-0.124
-0.121
-0.136
-0.120
-0.124
-0.100
-0.112
-0.085
-0.077
-0.106
-0.110
-0.072
-0.092
-0.087
-0.097
-0.101
-0.093
-0.075
-0.044
-0.075
-0.035
-0.029
-0.035
-0.043
-0.039
-0.027
-0.010
-0.016
-0.009
0.004
0.012
-0.012
0.003
-0.013
0.008
-0.005
0.033
0.028
0.032
0.037
0.049
0.025
0.028
0.023
0.021
0.018
0.047
0.009
0.058
0.016
0.061
0.019
0.031
0.024
0.052
0.025
0.042
0.017
0.012
0.017
0.031
0.012
-0.007
-0.009
-0.008
0.011
-0.000
-0.009
-0.009
0.015
-0.013
-0.019
-0.038
-0.001
-0.007
0.015
-0.005
0.005
-0.003
0.021
0.011
0.028
0.018
0.061
0.030
0.058
0.043
0.048
0.059
0.072
0.057
0.075
0.076
0.089
0.078
0.079
0.083
0.077
0.103
0.059
0.098
0.049
0.084
0.068
0.073
0.022
0.069
0.040
0.054
0.012
0.052
-0.013
0.029
0.013
-0.006
-0.004
0.013
-0.039
-0.012
-0.030
-0.001
-0.037
-0.025
-0.051
-0.021
-0.040
-0.013
-0.053
-0.010
-0.038
-0.011
-0.005
-0.045
-0.037
-0.043
-0.023
-0.023
-0.034
-0.013
-0.009
-0.018
-0.020
-0.049
-0.015
-0.035
-0.002
-0.007
0.015
0.003
0.025
-0.001
0.020
0.005
0.022
0.013
0.020
0.013
0.034
0.024
0.029
0.029
0.042
0.033
0.054
0.050
0.067
0.065
0.052
0.059
0.044
0.067
0.033
0.064
0.064
0.080
0.058
0.075
0.059
0.071
0.051
0.102
0.060
0.068
0.070
0.086
0.079
0.105
0.064
0.102
0.068
0.104
0.066
0.075
0.076
0.089
0.047
0.098
0.056
0.061
0.039
0.074
0.042
0.060
0.045
0.054
0.041
0.063
0.036
0.060
0.035
0.048
0.025
0.015
0.020
0.011
-0.006
0.003
0.021
0.001
-0.008
-0.004
0.003
-0.042
-0.022
-0.042
-0.030
-0.063
-0.059
-0.037
-0.050
-0.062
-0.048
-0.083
-0.052
-0.077
-0.059
-0.077
-0.102
-0.099
-0.098
-0.087
-0.085
-0.096
-0.111
-0.110
-0.129
-0.096
-0.134
-0.137
-0.139
-0.125
-0.144
-0.137
-0.155
-0.135
-0.160
-0.126
-0.178
-0.124
-0.117
-0.136
-0.149
-0.137
-0.139
-0.130
-0.149
-0.169
-0.159
-0.120
-0.143
-0.129
-0.127
-0.136
-0.112
-0.126
-0.107
-0.103
-0.112
-0.102
-0.105
-0.098
-0.097
-0.118
-0.071
-0.085
-0.078
-0.052
-0.044
-0.043
-0.042
-0.034
-0.010
-0.035
0.005
-0.009
0.037
0.019
0.047
0.016
0.046
0.044
0.075
0.071
0.117
0.083
0.113
0.099
0.103
0.109
0.120
0.123
0.154
0.155
0.163
0.159
0.170
0.177
0.188
0.206
0.199
0.230
0.225
0.213
0.211
0.203
0.213
0.225
0.208
0.229
0.215
0.243
0.194
0.228
0.203
0.187
0.191
0.193
0.198
0.233
0.209
0.253
0.162
0.143
0.191
0.215
0.217
0.132
0.095
0.144
0.145
0.156
0.020
0.090
0.160
0.060
-0.049
0.079
0.164
0.015
-0.111
0.003
0.110
-0.014
-0.080
-0.026
-0.000
-0.068
-0.088
-0.058
-0.049
-0.096
-0.106
-0.117
-0.086
-0.126
-0.114
-0.155
-0.153
-0.158
-0.150
-0.172
-0.165
-0.203
-0.166
-0.180
-0.167
-0.176
-0.193
-0.216
-0.180
-0.183
-0.178
-0.189
-0.185
-0.186
-0.188
-0.175
-0.160
-0.160
-0.168
-0.145
-0.158
-0.150
-0.144
-0.133
-0.152
-0.108
-0.119
-0.089
-0.096
-0.084
-0.090
-0.069
-0.066
-0.071
-0.041
-0.045
-0.035
-0.025
-0.036
-0.002
-0.011
-0.004
0.005
0.015
0.021
0.026
0.021
0.023
0.031
0.044
0.047
0.057
0.049
0.068
0.053
0.051
0.046
0.051
0.067
0.091
0.078
0.065
0.074
0.050
0.063
0.039
0.067
0.050
0.063
0.054
0.054
0.058
0.056
0.043
0.049
0.028
0.040
0.019
0.035
0.026
0.003
-0.013
-0.014
-0.003
-0.018
-0.008
-0.011
-0.008
-0.028
-0.009
-0.032
-0.027
-0.056
-0.025
-0.042
-0.005
-0.038
-0.015
-0.049
-0.031
-0.043
-0.034
-0.034
-0.025
-0.042
-0.003
-0.021
-0.011
-0.050
-0.030
-0.033
-0.021
-0.036
-0.008
0.015
0.034
0.005
0.005
0.006
0.015
0.004
0.009
0.016
0.029
0.033
0.041
0.045
0.060
0.064
0.070
0.054
0.071
0.094
0.075
0.077
0.049
0.056
0.084
0.098
0.089
0.108
0.078
0.104
0.075
0.074
0.056
0.086
0.076
0.085
0.078
0.079
0.064
0.080
0.052
0.062
0.020
0.054
0.042
0.052
0.031
0.064
0.033
0.034
0.006
-0.008
-0.004
0.005
-0.028
-0.004
-0.005
-0.032
-0.058
-0.043
-0.065
-0.059
-0.076
-0.049
-0.043
-0.057
-0.052
-0.092
-0.087
-0.066
-0.054
-0.088
-0.053
-0.076
-0.096
-0.089
-0.082
-0.092
-0.082
-0.083
-0.070
-0.077
-0.051
-0.091
-0.068
-0.079
-0.081
-0.097
-0.048
-0.059
-0.057
-0.066
-0.039
-0.052
-0.027
-0.032
-0.014
0.001
-0.026
0.006
-0.025
0.011
-0.020
0.033
0.028
0.038
0.044
0.054
0.051
0.039
0.046
0.075
0.073
0.075
0.107
0.089
0.109
0.069
0.076
0.062
0.084
0.071
0.096
0.097
0.106
0.068
0.118
0.079
0.092
0.094
0.098
0.086
0.085
0.065
0.081
0.080
0.074
0.069
0.059
0.068
0.058
0.056
0.034
0.049
0.058
0.034
0.035
0.003
0.012
-0.005
0.002
0.002
0.010
-0.022
-0.020
-0.016
-0.026
-0.035
-0.036
-0.046
-0.032
-0.035
-0.060
-0.061
-0.073
-0.084
-0.062
-0.066
-0.067
-0.071
-0.069
-0.086
-0.088
-0.078
-0.100
-0.101
-0.091
-0.092
-0.108
-0.102
-0.120
-0.069
-0.070
-0.065
-0.082
-0.055
-0.063
-0.079
-0.111
-0.082
-0.109
-0.054
-0.067
-0.055
-0.049
-0.051
-0.068
-0.054
-0.055
-0.058
-0.052
-0.038
-0.026
-0.031
0.004
-0.019
-0.009
-0.010
-0.025
0.035
0.023
-0.005
0.012
-0.011
0.045
0.016
0.031
0.010
0.027
0.038
0.053
-0.020
0.020
0.017
0.092
0.055
0.045
-0.045
-0.001
0.030
0.076
0.068
0.052
0.046
0.008
-0.013
0.042
0.085
0.072
0.019
0.039
0.101
0.074
0.069
-0.002
0.044
0.104
0.093
0.039
0.129
0.105
0.034
0.010
0.168
0.130
0.035
0.016
0.166
0.123
0.057
0.056
0.112
0.076
0.077
0.083
0.111
0.092
0.054
0.024
0.068
0.072
0.103
0.056
0.029
0.062
0.077
0.095
0.041
0.048
0.069
0.039
0.047
0.078
0.025
0.037
0.031
0.021
0.038
0.019
0.028
-0.020
0.005
0.036
0.016
-0.012
0.037
0.028
-0.016
-0.038
0.000
-0.014
-0.011
-0.029
0.020
-0.023
-0.013
-0.028
-0.027
-0.038
-0.039
-0.045
-0.033
-0.033
-0.038
-0.033
-0.047
-0.042
-0.047
-0.052
-0.033
-0.020
-0.045
-0.034
-0.052
-0.032
-0.072
-0.032
-0.049
-0.054
-0.040
-0.009
-0.025
0.001
-0.016
0.040
0.004
0.019
0.020
0.045
0.035
0.014
-0.000
0.023
-0.001
0.019
0.010
0.028
0.039
0.059
0.047
0.037
0.049
0.047
0.046
0.034
0.050
0.067
0.070
0.059
0.073
0.046
0.069
0.065
0.074
0.060
0.091
0.055
0.084
0.064
0.081
0.076
0.080
0.075
0.091
0.074
0.081
0.069
0.063
0.051
0.042
0.048
0.068
0.061
0.058
0.061
0.074
0.062
0.053
0.048
0.054
0.057
0.017
0.044
0.022
0.040
0.021
0.038
0.015
0.021
0.014
0.030
-0.012
0.020
0.018
0.031
-0.020
0.016
-0.005
-0.056
-0.027
0.001
-0.047
-0.065
-0.063
0.025
0.003
-0.017
-0.096
-0.079
-0.041
0.013
-0.043
-0.071
-0.102
-0.098
-0.143
-0.045
-0.025
-0.007
-0.138
-0.165
-0.078
-0.002
-0.047
-0.134
-0.156
-0.093
-0.058
-0.063
-0.065
-0.104
-0.116
-0.111
-0.059
-0.054
-0.073
-0.114
-0.099
-0.087
-0.030
-0.046
-0.065
-0.089
-0.087
-0.076
-0.051
-0.060
-0.070
-0.094
-0.074
-0.041
-0.075
-0.039
-0.097
-0.042
-0.037
-0.021
-0.033
-0.013
-0.023
0.001
-0.009
-0.008
0.005
-0.006
-0.002
0.030
0.019
0.008
0.033
-0.007
0.015
0.031
0.075
0.081
0.089
0.077
0.085
0.060
0.102
0.088
0.115
0.105
0.129
0.116
0.141
0.110
0.143
0.111
0.155
0.121
0.160
0.138
0.148
0.151
0.140
0.136
0.170
0.158
0.159
0.139
0.175
0.158
0.178
0.167
0.140
0.153
0.149
0.136
0.136
0.140
0.147
0.132
0.142
0.142
0.121
0.119
0.128
0.111
0.101
0.081
0.096
0.087
0.069
0.063
0.040
0.056
0.026
0.055
0.046
0.041
0.009
0.028
-0.015
-0.027
-0.043
-0.035
-0.028
-0.048
-0.055
-0.046
-0.042
-0.064
-0.120
-0.095
-0.121
-0.081
-0.133
-0.127
-0.155
-0.124
-0.160
-0.142
-0.140
-0.126
-0.132
-0.129
-0.168
-0.163
-0.153
-0.157
-0.148
-0.152
-0.152
-0.153
-0.129
-0.140
-0.154
-0.169
-0.143
-0.153
-0.110
-0.127
-0.111
-0.116
-0.100
-0.117
-0.100
-0.120
-0.092
-0.099
-0.081
-0.079
-0.077
-0.050
-0.044
-0.049
-0.028
-0.031
-0.009
-0.010
-0.018
0.011
-0.018
0.012
-0.009
0.031
-0.009
0.031
0.019
0.035
0.019
0.060
0.032
0.060
0.037
0.083
0.049
0.072
0.076
0.110
0.042
0.048
0.020
0.026
0.040
0.039
0.033
0.021
-0.003
-0.002
0.008
0.056
0.010
0.048
0.037
0.048
0.061
0.046
0.034
0.022
0.027
0.023
0.013
0.014
0.006
-0.009
-0.009
-0.029
0.011
-0.004
0.023
0.001
0.012
-0.012
-0.025
-0.026
-0.006
-0.034
-0.007
-0.024
-0.007
-0.026
-0.014
-0.018
-0.046
-0.028
-0.028
-0.049
-0.026
-0.033
-0.025
-0.019
-0.031
-0.002
-0.044
-0.007
-0.040
-0.011
-0.014
0.012
-0.010
-0.010
-0.011
0.004
-0.017
0.025
-0.024
0.003
-0.004
0.017
0.009
0.038
0.009
0.046
0.020
0.052
0.036
0.031
0.030
0.038
0.012
0.047
0.024
0.034
0.021
0.049
0.037
0.039
0.030
0.023
0.014
0.032
0.028
0.040
0.017
0.039
0.010
0.011
0.011
0.015
0.032
0.017
0.035
0.025
-0.023
-0.012
-0.009
-0.024
-0.014
0.007
-0.001
-0.013
-0.021
-0.031
-0.014
-0.030
-0.018
-0.048
-0.011
-0.025
-0.021
-0.024
-0.047
-0.064
-0.050
-0.040
-0.038
-0.036
-0.050
-0.037
-0.064
-0.015
-0.059
-0.062
-0.061
-0.044
-0.065
-0.044
-0.054
-0.034
-0.035
-0.008
-0.041
-0.025
-0.053
-0.042
-0.049
-0.021
-0.023
-0.011
-0.054
-0.048
-0.025
0.008
0.012
-0.002
0.023
0.004
0.005
-0.005
0.011
0.006
0.012
0.029
0.051
0.037
0.039
0.018
0.038
0.031
0.056
0.031
0.038
0.033
0.049
0.046
0.071
0.041
0.051
0.059
0.058
0.047
0.065
0.044
0.063
0.049
0.060
0.046
0.078
0.054
0.073
0.043
0.038
0.021
0.015
0.024
0.040
0.007
0.025
-0.005
-0.002
-0.007
0.011
0.024
0.007
0.028
0.004
-0.003
-0.008
-0.014
-0.004
0.012
-0.020
-0.023
-0.037
-0.025
-0.072
-0.043
-0.064
-0.051
-0.045
-0.045
-0.066
-0.023
-0.062
-0.014
-0.077
-0.118
-0.039
-0.027
-0.006
-0.091
-0.115
-0.063
-0.022
-0.021
-0.151
-0.083
-0.004
-0.058
-0.174
-0.040
0.054
-0.078
-0.199
-0.048
0.035
-0.059
-0.107
-0.058
0.003
-0.066
-0.060
-0.020
0.015
-0.020
-0.045
-0.032
0.013
-0.027
-0.020
-0.036
-0.024
-0.027
-0.008
-0.023
-0.001
-0.021
0.009
-0.007
-0.001
-0.005
-0.005
-0.012
-0.006
0.021
0.029
0.003
-0.008
0.004
-0.002
0.013
-0.001
0.022
0.001
0.010
0.009
0.004
-0.000
0.000
-0.006
0.029
0.012
0.040
0.011
0.032
0.019
0.023
0.005
0.021
0.037
0.028
0.019
0.050
0.030
0.056
0.021
0.031
0.050
0.083
0.056
0.055
0.046
0.040
0.051
0.053
0.028
0.028
0.047
0.057
0.059
0.061
0.050
0.044
0.039
0.038
0.035
0.025
0.035
0.033
0.046
0.021
0.055
0.020
0.020
0.020
0.038
0.038
0.024
0.016
0.020
0.023
0.028
0.005
0.019
0.013
0.016
-0.008
-0.003
-0.006
-0.008
0.005
-0.002
-0.006
-0.009
0.002
-0.025
-0.030
-0.040
-0.007
-0.032
-0.004
-0.013
0.012
-0.042
0.003
-0.012
-0.013
-0.031
-0.019
-0.031
-0.018
-0.032
-0.021
-0.046
-0.026
-0.025
-0.015
-0.034
-0.010
-0.010
-0.007
-0.023
-0.003
-0.035
-0.005
-0.011
-0.013
0.002
-0.017
-0.008
-0.017
0.011
0.011
0.012
-0.017
-0.007
-0.004
0.011
0.007
-0.006
0.018
0.030
0.015
0.028
0.025
0.024
0.007
0.032
0.016
0.034
0.021
0.047
0.027
0.031
0.034
0.035
0.019
0.069
0.035
0.063
0.040
0.054
0.027
0.046
0.042
0.066
0.043
0.055
0.035
0.049
0.038
0.047
0.035
0.057
0.054
0.029
-0.007
0.028
0.006
0.015
0.003
0.018
0.042
0.026
0.038
0.020
0.017
0.023
0.013
0.009
0.032
0.008
0.008
-0.011
0.012
-0.018
-0.008
0.002
0.024
-0.027
0.005
-0.043
-0.018
-0.041
-0.025
-0.049
-0.014
-0.036
-0.048
-0.056
-0.032
-0.038
-0.042
-0.038
-0.042
-0.026
-0.069
-0.042
-0.067
-0.056
-0.082
-0.055
-0.080
-0.069
-0.058
-0.060
-0.070
-0.071
-0.080
-0.051
-0.071
-0.078
-0.066
-0.074
-0.042
-0.068
-0.067
-0.065
-0.061
-0.077
-0.055
-0.064
-0.028
-0.085
-0.030
-0.069
-0.034
-0.046
-0.062
-0.059
-0.032
-0.050
-0.045
-0.046
-0.034
-0.054
-0.040
-0.051
-0.022
-0.039
-0.029
-0.010
0.003
-0.014
-0.006
-0.023
-0.014
0.009
0.000
0.025
0.050
0.020
0.035
0.023
0.032
0.038
0.028
0.052
0.053
0.084
0.070
0.075
0.061
0.073
0.094
0.093
0.085
0.087
0.093
0.102
0.085
0.112
0.096
0.103
0.102
0.117
0.089
0.124
0.093
0.131
0.106
0.113
0.110
0.130
0.120
0.120
0.112
0.132
0.126
0.139
0.096
0.108
0.115
0.106
0.093
0.111
0.109
0.118
0.104
0.089
0.082
0.081
0.092
0.089
0.101
0.087
0.092
0.091
0.076
0.041
0.056
0.030
0.066
0.034
0.055
0.002
0.010
-0.002
0.038
-0.043
-0.027
-0.022
0.040
0.003
-0.023
-0.110
-0.097
-0.073
-0.010
-0.014
-0.030
-0.050
-0.070
-0.103
-0.077
-0.068
-0.078
-0.142
-0.090
-0.030
-0.066
-0.097
-0.135
-0.081
-0.076
-0.077
-0.136
-0.055
-0.096
-0.143
-0.159
-0.002
-0.031
-0.151
-0.164
-0.009
-0.051
-0.100
-0.102
-0.033
-0.060
-0.078
-0.065
-0.040
-0.056
-0.067
-0.063
-0.042
-0.037
-0.036
-0.030
-0.050
-0.012
-0.015
0.032
0.005
0.005
0.029
-0.001
0.037
0.054
0.048
