0.021
0.066
0.062
0.01
-0.082
-0.056
-0.083
0.091
0.066
0.051
-0.041
0.095
0.089
0.02
0.006
0.019
-0.041
-0.041
-0.052
0.019
-0.085
-0.108
-0.041
0.002
-0.02
-0.145
-0.106
0.01
-0.056
0.049
-0.108
-0.087
0.092
0.091
0.039
-0.019
-0.077
0.013
-0.016
-0.13
-0.103
-0.107
0.061
-0.035
-0.046
-0.153
-0.094
-0.037
-0.018
0.065
-0.001
0.004
0.084
-0.022
0.013
-0.087
-0.034
-0.114
-0.061
-0.09
-0.086
-0.002
-0.042
-0.042
-0.016
-0.107
-0.052
-0.085
0.026
0.03
-0.024
0.03
0.021
0.02
-0.101
0.005
-0.081
0.125
0.075
0.052
-0.036
-0.042
-0.017
0.124
0.109
0.117
-0.038
-0.111
0.084
0.156
0.062
0.065
0.062
0.117
0.088
0.01
0.033
0.065
0.23
0.171
0.122
0.131
0.101
0.197
0.213
0.091
0.04
0.09
0.087
0.224
0.172
0.171
0.261
0.226
0.12
0.234
0.175
0.251
0.307
0.193
0.152
0.107
0.177
0.197
0.134
0.238
0.189
0.064
0.04
0.123
0.45
0.592
0.325
0.093
0.088
0.171
0.137
-0.037
0.038
0.045
-0.021
-0.062
0.05
0.02
-0.001
-0.123
-0.016
-0.094
-0.064
-0.121
-0.125
-0.285
-0.158
-0.106
-0.14
-0.17
-0.338
-0.282
-0.189
-0.14
-0.27
-0.274
-0.354
-0.33
-0.326
-0.243
-0.301
-0.403
-0.302
-0.33
-0.359
-0.475
-0.355
-0.347
-0.245
-0.418
-0.423
-0.408
-0.267
-0.253
-0.303
-0.257
-0.144
-0.262
-0.248
-0.353
-0.319
-0.126
-0.075
-0.18
-0.216
-0.237
-0.124
-0.094
-0.057
-0.034
-0.082
-0.237
-0.161
0.031
0.046
-0.018
-0.069
0.078
0.031
0.107
0.136
0.154
0.208
0.195
0.234
0.132
0.114
0.224
0.304
0.377
0.253
0.216
0.148
0.273
0.285
0.262
0.447
0.335
0.461
0.377
0.332
0.332
0.395
0.461
0.377
0.364
0.272
0.243
0.363
0.259
0.368
0.361
0.395
0.292
0.137
0.307
0.271
0.378
0.403
0.256
0.169
0.209
0.254
0.209
0.168
0.194
0.227
0.141
0.084
0.062
0.115
0.122
-0.029
-0.039
-0.014
0.003
-0.036
-0.054
-0.096
-0.089
-0.047
-0.112
-0.102
-0.101
-0.045
-0.078
-0.103
-0.216
-0.147
-0.12
-0.035
-0.206
-0.228
-0.268
-0.183
-0.303
-0.287
-0.278
-0.242
-0.142
-0.266
-0.314
-0.237
-0.225
-0.18
-0.141
-0.156
-0.269
-0.156
-0.236
-0.222
-0.157
-0.137
-0.082
-0.108
-0.027
-0.188
-0.144
-0.058
-0.089
-0.111
-0.124
-0.14
-0.029
0.018
0.059
0.025
-0.035
-0.032
-0.001
0.025
0.081
0.088
0.019
0.119
0.093
0.035
0.002
0.013
0.018
0.089
0.087
-0.03
-0.027
0.033
0.048
0.234
0.068
0.075
0.025
0.106
0.055
-0.005
0.03
0.11
0.113
0.056
-0.115
-0.03
0.059
0.066
0.052
-0.027
-0.126
-0.111
0.016
-0.122
-0.035
0.088
0.031
-0.032
-0.071
-0.083
-0.03
0.091
-0.039
0.006
-0.087
-0.131
-0.12
-0.133
-0.103
-0.084
-0.163
-0.139
-0.057
-0.164
-0.046
-0.099
-0.1
-0.039
-0.026
-0.06
-0.014
0.051
-0.015
-0.027
0.021
-0.034
0.041
-0.029
0.034
0.052
-0.052
0.035
0.038
-0.003
0.028
0.039
0.03
0.194
0.104
0.088
0.017
0.132
0.187
0.074
0.203
0.051
0.083
0.26
0.224
0.151
0.124
0.178
0.133
0.11
0.079
0.176
0.231
0.245
0.059
0.123
-0.068
0.167
0.172
0.255
0.12
0.056
0.074
0.181
0.11
0.015
0.043
0.138
0.009
0.105
-0.014
-0.071
-0.043
0.097
-0.027
-0.046
-0.025
0.035
0.005
0.011
-0.043
-0.108
-0.061
-0.099
-0.119
-0.086
-0.192
-0.152
-0.194
-0.144
-0.287
-0.351
-0.336
-0.186
-0.105
-0.198
-0.211
-0.319
-0.239
-0.138
-0.239
-0.156
-0.366
-0.113
-0.223
-0.205
-0.268
-0.106
-0.204
-0.143
-0.203
-0.274
-0.239
-0.142
-0.154
-0.139
-0.2
-0.088
-0.255
-0.185
-0.126
-0.031
-0.051
0.001
-0.09
-0.122
-0.071
0.008
0.037
0.014
0.057
0.069
0.013
0.026
0.021
0.122
0.1
0.058
0.093
0.157
0.148
0.15
0.183
0.161
0.287
0.249
0.126
0.096
0.165
0.31
0.416
0.227
0.142
0.233
0.259
0.242
0.204
0.14
0.162
0.169
0.255
0.184
0.166
0.238
0.347
0.242
0.114
0.074
0.116
0.266
0.216
0.051
0.12
0.092
0.111
0.022
-0.179
-0.492
-0.122
0.048
0.072
-0.051
-0.032
0.09
0.048
-0.044
-0.11
-0.015
-0.019
0.024
-0.102
-0.079
-0.178
-0.071
-0.071
-0.121
-0.107
-0.008
-0.113
-0.067
-0.119
-0.184
-0.11
-0.052
-0.012
-0.2
-0.017
-0.111
-0.134
-0.15
-0.076
-0.009
-0.058
-0.147
-0.216
-0.036
-0.081
-0.277
-0.253
-0.04
0.044
-0.202
-0.229
-0.03
-0.052
0.006
-0.086
-0.077
-0.166
-0.089
-0.037
-0.01
-0.062
-0.055
0.058
-0.042
-0.028
-0.051
0.022
0.024
0.129
0.012
-0.083
-0.003
0.093
0.059
0.08
-0.081
0.007
0.02
0.044
0.033
0.032
0.073
0.129
0.031
0.008
0.053
0.103
0.043
0.046
-0.044
0
-0.048
-0.077
-0.07
-0.025
-0.071
-0.078
-0.058
-0.087
-0.059
-0.002
-0.027
0.004
0.067
0.008
-0.103
-0.089
-0.04
0.028
0.026
-0.077
-0.112
-0.136
-0.021
-0.023
-0.071
-0.017
0.002
-0.013
-0.052
-0.109
-0.091
-0.047
0.075
0.012
-0.027
0.048
0.007
0.074
0.052
0.227
0.111
0.032
0.112
-0.024
-0.095
0.04
0.112
0.052
-0.007
-0.1
-0.03
-0.066
0.003
0.036
0.001
-0.043
-0.106
-0.002
-0.038
0.019
-0.101
-0.039
-0.06
-0.135
-0.117
-0.139
-0.152
-0.039
-0.121
-0.087
-0.145
-0.144
-0.06
-0.043
-0.046
-0.122
-0.021
-0.049
0.023
-0.136
0.006
-0.059
-0.107
-0.18
-0.06
-0.167
-0.052
-0.14
0.025
-0.175
-0.229
-0.197
-0.036
-0.013
-0.031
-0.121
-0.012
-0.063
0.023
-0.068
-0.078
-0.012
0.015
0.053
-0.033
-0.117
0.023
-0.003
0.048
0.039
-0.02
-0.099
0.039
0.025
-0.003
-0.005
0.115
0.049
0.027
0.1
0.161
0.031
0.069
0.073
0.109
0.027
0.069
0.106
0.185
0.138
0.149
0.009
0.07
0.015
0.106
0.181
0.059
0.087
0.176
0.163
0.138
0.148
0.162
0.202
0.184
0.085
0.131
0.127
0.178
0.233
0.217
0.026
0.112
0.175
0.18
0.054
0.19
0.195
0.218
0.221
0.118
0.152
0.128
0.242
0.221
0.151
0.142
0.226
0.276
0.159
0.099
0.157
0.15
-0.005
0.111
0.07
0.073
0.086
0.075
-0.054
-0.007
0.061
-0.05
0.022
0.055
0.044
0.114
-0.071
-0.077
0.032
-0.031
-0.046
-0.107
-0.143
-0.188
-0.136
-0.171
-0.143
-0.211
-0.138
-0.179
-0.283
-0.27
-0.309
-0.091
-0.212
-0.261
-0.361
-0.234
-0.22
-0.296
-0.25
-0.346
-0.21
-0.298
-0.399
-0.42
-0.393
-0.271
-0.322
-0.271
-0.403
-0.383
-0.345
-0.289
-0.284
-0.323
-0.343
-0.245
-0.176
-0.291
-0.338
-0.199
-0.201
-0.319
-0.319
-0.211
-0.217
-0.24
-0.185
-0.185
-0.132
-0.227
-0.207
-0.058
-0.146
0.005
-0.07
-0.093
-0.086
0.071
0.127
0.148
0.073
0.139
0.1
0.113
0.107
0.021
0.095
0.163
0.161
0.077
0.163
0.184
0.342
0.315
0.215
0.203
0.309
0.322
0.264
0.286
0.32
0.42
0.415
0.312
0.393
0.339
0.345
0.424
0.344
0.332
0.327
0.303
0.232
0.205
0.279
0.322
0.33
0.222
0.282
0.255
0.28
0.25
0.259
0.139
0.254
0.102
0.214
0.144
0.163
0.148
0.171
0.061
0.002
-0.018
0.053
0.098
0.057
0.03
-0.039
-0.112
0.04
0.001
-0.025
-0.022
-0.181
-0.201
-0.081
-0.059
-0.058
-0.122
-0.201
-0.211
-0.202
-0.103
-0.233
-0.223
-0.237
-0.045
-0.094
-0.194
-0.309
-0.299
-0.118
-0.058
-0.281
-0.219
-0.114
-0.179
-0.167
-0.225
-0.104
-0.103
-0.204
-0.14
-0.133
-0.234
-0.135
-0.101
-0.071
-0.198
-0.241
0.022
-0.101
-0.003
-0.078
-0.068
0.024
0.049
0.023
0.019
0.043
0.084
0.158
-0.048
-0.044
-0.081
-0.014
0.042
0.229
0.004
0.002
0.039
-0.025
0.109
0.075
0.113
0.106
0.164
0.103
0.104
0.068
0.071
0.192
0.038
0.047
-0.012
-0.034
-0.056
0.101
0.043
0.03
-0.087
-0.047
0.07
0.059
-0.02
0.044
0.125
0.085
-0.04
-0.121
0.129
0.089
0.179
0.006
-0.058
-0.073
-0.029
0.004
-0.004
-0.027
-0.045
-0.047
0.085
0.322
0.081
-0.032
-0.081
-0.076
-0.131
-0.132
-0.184
0.01
-0.025
0.003
-0.143
0.029
-0.064
-0.128
-0.082
0.072
0.027
-0.07
-0.048
-0.165
-0.457
-0.814
-0.43
0.007
0.033
-0.011
-0.078
-0.003
0.001
0.163
0.038
-0.048
0.068
0.127
0.157
0.128
-0.014
0.04
0.137
0.12
-0.081
0.053
0.034
0.103
0.149
0.069
0.06
0.036
0.232
0.133
0.081
0.125
0.238
0.151
0.145
0.092
0.103
0.076
0.135
0.032
-0.03
0.024
0.069
-0.021
0.035
0.066
-0.124
0.031
0.035
0.018
0.072
0.094
0.008
0.038
-0.015
-0.057
0.042
0.06
0.008
-0.011
-0.059
-0.089
-0.105
-0.034
-0.043
-0.045
-0.134
-0.191
0.005
-0.05
-0.237
-0.077
-0.155
-0.064
-0.017
-0.091
-0.185
-0.147
-0.036
-0.045
-0.081
-0.21
-0.247
-0.124
-0.021
-0.01
-0.177
-0.203
-0.145
0.055
-0.032
-0.07
-0.013
-0.119
0.066
0.012
-0.167
-0.062
0.075
-0.06
0.023
-0.025
0.014
-0.091
0.117
0.059
0.107
0.105
0.017
0.036
-0.02
-0.043
0.113
0.132
0.171
0.103
0.067
0.243
0.16
0.12
0.249
0.172
0.061
0.035
0.158
0.151
0.091
0.23
0.115
0.119
0.231
0.094
0.133
0.116
0.166
0.263
0.119
0.16
0.062
0.163
0.096
0.183
0.038
0.121
0.089
0.148
0.014
0.053
0.065
0.11
0.062
-0.032
-0.041
-0.018
-0.037
0.179
-0
0.007
-0.015
-0.036
0.03
-0.018
-0.065
-0.014
-0.109
-0.075
-0.141
-0.05
-0.087
-0.065
-0.157
-0.225
-0.157
-0.115
-0.06
-0.118
-0.05
-0.017
-0.037
-0.206
-0.076
-0.101
-0.063
-0.003
-0.083
-0.096
-0.068
-0.089
-0.08
-0.209
-0.07
-0.098
-0.233
-0.165
-0.196
-0.091
-0.044
-0.202
-0.092
-0.054
0.04
-0.025
-0.092
-0.126
0.013
0.075
-0.093
0.007
-0.116
0.034
0.102
0.101
-0.056
-0.028
-0.054
0.076
-0.084
0.018
-0.038
0.057
-0.026
-0.022
-0.064
0.046
-0.041
-0.029
-0.09
-0.111
0.013
-0.022
0.059
-0.054
-0.141
-0.04
-0.083
-0.084
-0.074
-0.02
-0.09
0.009
-0.014
-0.042
-0.087
-0.015
-0.046
-0.018
-0.022
-0.015
0.075
-0.001
0.105
0.051
0.029
-0.036
0.052
-0.087
0.106
0.034
0.02
0.019
-0.02
-0.038
0.026
-0.028
-0.017
0.133
0.187
0.013
0.028
0.06
0.134
0.043
0.096
0.072
-0.034
0.004
0.069
-0.072
-0.011
-0.002
0.006
0.03
-0.099
-0.076
-0.046
0.066
-0.02
-0.024
0.023
-0.067
0.013
-0.008
0.022
-0.044
0.033
-0.031
-0.134
-0.123
-0.098
-0.041
-0.088
-0.036
-0.117
-0.118
-0.06
-0.027
-0.057
-0.035
-0.101
-0.025
-0.046
-0.02
0.061
0.056
-0.02
0.022
-0.071
-0.052
-0.157
-0.126
-0.036
0.035
-0.102
-0.137
-0.127
-0.026
0.001
0.02
-0.102
-0.105
0.067
0.105
0.07
0.041
0.011
0.063
0.101
0.032
-0.059
-0.065
0.056
0.135
-0.017
-0.03
-0.003
-0.05
0.046
0.017
0.142
-0
0.111
0.154
0.099
0.05
0.115
0.163
0.216
0.095
0.061
0.146
0.153
0.135
0.045
0.115
0.053
0.067
0.011
0.094
0.195
0.204
0.056
0.165
0.111
0.12
0.121
0.187
0.134
0.14
0.147
0.163
0.115
0.168
0.14
0.171
0.014
0.058
0.025
0.072
0.041
0.023
0.069
0.103
0.084
0.005
-0.003
0.061
0.089
0.146
0.111
0.026
0.041
0.071
0.188
0.041
0.004
-0.083
0.026
-0.031
-0.057
-0.059
0.022
0.04
0.028
-0.022
-0.037
0.006
-0.089
-0.049
-0.137
-0.051
0.041
-0.103
-0.018
-0.092
0.004
-0.07
-0.136
-0.129
-0.184
-0.168
-0.197
-0.076
-0.14
-0.158
-0.184
-0.168
-0.257
-0.136
-0.175
-0.167
-0.16
-0.256
-0.162
-0.115
-0.247
-0.168
-0.223
-0.095
-0.186
-0.189
-0.265
-0.261
-0.136
-0.109
-0.205
-0.304
-0.272
-0.117
-0.143
-0.091
-0.11
-0.165
-0.157
-0.116
-0.211
-0.07
-0.093
-0.039
-0.199
-0.186
-0.175
-0.093
-0.096
-0.035
-0.069
-0.173
-0.112
-0.122
-0.035
-0.027
0.002
-0.013
-0.003
-0.001
0.029
0.107
0.051
0.138
0.097
0.036
0.116
0.069
0.172
0.046
0.075
0.104
0.111
0.048
0.122
0.014
0.237
0.135
0.215
0.159
0.097
0.134
0.235
0.244
0.268
0.172
0.243
0.264
0.161
0.248
0.331
0.189
0.063
0.23
0.326
0.239
0.115
0.18
0.212
0.243
0.216
0.085
0.237
0.217
0.219
0.115
0.107
0.142
0.189
0.185
0.167
0.098
0.062
0.077
0.141
0.081
0.014
0.119
0.074
0.044
-0.084
0.017
-0.064
0.046
0.062
0.015
-0.05
-0.067
-0.093
-0.068
-0.094
-0.008
-0.051
-0.157
-0.105
-0.153
-0.11
-0.167
-0.045
-0.11
-0.019
-0.128
-0.235
-0.12
-0.125
-0.02
-0.115
-0.108
-0.072
-0.044
0.189
0.341
0.075
-0.085
-0.089
-0.099
-0.216
-0.114
-0.075
0.006
-0.117
-0.116
-0.102
-0.097
-0.02
0.011
-0.105
-0.061
-0.054
-0.062
-0.063
-0.116
-0.105
0.008
0.068
0.006
-0.04
-0.066
-0.079
0.023
-0.004
-0.064
0.003
0.022
0.005
-0.037
-0.046
0.09
0.052
-0.005
0.12
-0.039
0.046
0.1
0.037
0.029
-0.048
-0.038
-0.065
0.04
-0.044
-0.107
-0.256
-0.198
-0.063
0.014
0.02
-0.03
-0.077
0.064
0.032
-0.057
-0.072
-0.057
0.077
0.075
0.077
-0.156
-0.1
-0.048
-0.096
-0.097
-0.05
-0.149
-0.04
-0.119
-0.2
-0.175
-0.026
0.007
0.008
-0.092
-0.148
-0.059
0.007
0.047
-0.054
-0.064
-0.136
-0.066
-0.021
-0.073
-0.075
-0.051
-0.051
-0.008
-0.069
-0.032
0.015
-0.048
0.039
0.005
-0.039
0.087
-0.032
0.144
0.061
0.115
0.045
0.082
0.048
0.091
0.001
0.065
0.015
0.128
0.041
0.034
-0.023
-0.027
0.149
0.036
0.023
0.041
0.035
0.059
0.114
0.174
0.108
0.051
0.092
0.043
0.112
0.055
0.086
0.082
0.013
0.082
-0.049
0.058
0.132
0.041
0.002
-0.083
0.026
0.042
0.082
0.02
-0.073
0.089
0.061
-0.049
0.005
-0.023
0.051
0.037
0.022
-0.083
-0.105
-0.11
-0.006
-0.1
-0.079
-0.107
-0.116
-0.111
-0.058
-0.125
-0.132
-0.102
-0.054
-0.009
-0.116
-0.049
-0.012
-0.025
0.017
-0.104
-0.13
-0.174
-0.061
-0.024
-0.048
-0.094
-0.176
-0.096
-0.012
0.021
-0.186
-0.066
-0.062
0.054
0.048
-0.114
-0.06
0.075
0.092
0.03
-0.049
-0.054
-0.019
0.044
0.02
0.054
0.027
0.071
-0.009
-0.007
-0.104
0.015
0.181
0.164
0.028
0.018
0.123
0.071
0.147
0.161
0.119
0.018
0.053
0.087
0.085
-0.036
0.15
-0.037
0.08
-0.023
0.139
0.032
0.078
0.052
0.107
0.132
0.09
0.055
0.162
0.189
0.128
0.021
0.036
0.036
0.099
-0.031
0.016
0.003
0.051
0.007
-0.056
-0.063
-0.035
0.082
0.092
0.096
0.03
0.063
0.034
0.013
-0.101
-0.055
0.045
0.009
0.014
-0.095
-0.111
-0.068
-0.065
-0.076
-0.215
-0.163
-0.074
0.004
-0.04
-0.108
-0.083
-0.064
-0.138
-0.094
-0.017
-0.056
-0.006
-0.056
-0.142
-0.162
-0.102
-0.158
-0.138
-0.016
-0.142
-0.123
-0.165
-0.076
-0.099
-0.064
-0.011
-0.061
-0.121
-0.01
-0.02
-0.051
-0.103
-0.074
0.054
-0.041
-0.106
-0.132
-0.01
0.007
0.032
-0.165
-0.114
-0.115
0.002
-0.028
-0.036
-0.125
-0.083
0.021
-0.1
-0.086
-0.019
0.025
0.035
-0.081
-0.061
-0.062
-0.072
0.131
-0.053
-0.111
-0.095
0.066
0.043
-0.207
-0.036
0.127
0.059
0.036
-0.136
0.007
-0.007
0.109
0.224
0.055
0.042
-0.007
0.049
0.102
0.211
0.107
0.021
-0.001
-0.052
0.017
0.046
0.096
0.027
0.061
0
0.091
0.074
-0.031
0.139
0.133
0.056
0.014
0.04
0.056
0.218
0.159
0.072
-0.025
0.049
0.106
0.031
-0.139
0.05
0.124
0.048
-0.138
-0.002
-0.03
0.039
0.029
0.021
0.019
0.018
0.033
0.139
0.075
0.057
-0.029
0.043
0.085
-0.007
-0.129
-0.013
0.027
0.023
-0.077
-0.086
-0.118
0.008
0.032
-0.025
-0.01
-0.007
-0.058
-0.05
-0.033
0.057
0.02
-0.007
0.015
-0.054
0.046
-0.066
-0.073
-0.012
-0.018
-0.128
-0.079
-0.018
-0.04
0.064
-0.08
-0.1
-0.092
0.036
0.051
-0.057
-0.016
0.043
-0.025
0.043
-0.004
-0.081
0.159
0.055
0.06
-0.021
-0.076
-0.154
0.133
0.01
-0.04
-0.089
0.04
0.047
0.06
0.044
-0.009
0.194
0.084
0.118
0.071
0.037
0.114
0.058
0.067
0.105
0.005
0.026
0.029
0.12
0.019
0.055
0.116
0.092
-0.03
0.008
-0.006
0.103
0.123
0.171
0.117
0.082
0.047
0.149
0.124
0.171
0.088
-0.031
0.073
0.043
0.066
0.012
0.126
-0.017
0.117
0.03
0.041
0.096
0.137
0.131
0.078
-0.078
-0.013
0.125
0.256
0.088
0.025
0.005
0.117
0.031
0.062
-0.106
-0.089
0.07
0.08
0.018
-0.106
-0.059
0.116
-0.014
0.023
-0.017
0.013
0.057
-0.09
0.086
0.015
0.115
-0.06
-0.043
-0.266
0.023
-0.014
-0.068
-0.054
-0.159
-0.099
-0.122
-0.061
-0.064
-0.142
-0.096
-0.143
-0.064
-0.124
-0.06
-0.104
-0.093
-0.036
-0.089
-0.038
-0.075
-0.155
-0.118
0.039
-0.124
-0.234
-0.273
-0.161
-0.128
-0.043
-0.004
-0.088
-0.122
-0.111
-0.035
-0.082
-0.19
-0.113
0.007
-0.026
-0.127
-0.055
-0.092
-0.021
-0.04
-0.143
-0.14
-0.065
-0.03
0.001
-0.059
0.013
0.032
0.044
0.02
-0.069
0.017
0.065
0.068
0.05
0.027
0.079
0.067
0.157
0.071
0.08
-0.034
0.055
0.048
-0.063
0.061
0.089
0.2
0.119
0.135
0.088
0.172
0.127
0.173
0.225
0.094
0.107
0.022
0.103
0.202
0.224
0.175
0.096
0.139
0.187
0.134
0.074
0.174
0.138
0.176
0.145
0.119
0.126
0.233
0.308
0.102
0.085
0.107
0.123
0.15
0.198
0.111
0.119
0.084
0.137
0.13
0.066
-0.044
0.064
0.064
0.049
-0.015
-0.048
0.035
0.079
0.022
-0.028
-0.013
0.07
-0.083
-0.069
-0.056
0.062
-0.014
-0.049
-0.15
-0.095
-0.173
-0.065
-0.044
-0.063
-0.078
-0.097
-0.192
-0.023
-0.132
-0.026
-0.167
-0.195
-0.104
-0.09
-0.078
-0.089
-0.191
-0.159
-0.084
-0.173
-0.127
-0.121
0.008
-0.016
-0.109
-0.18
-0.16
-0.116
0.038
-0.06
-0.023
0.001
0.07
0.055
-0.069
-0.112
0.026
0.026
0.014
-0.06
-0.07
-0.06
-0.008
-0.017
-0.06
0.017
-0.051
-0.046
-0.079
0.009
0.026
0.048
-0.037
0.001
-0.01
0.075
0.1
0.064
0.008
0.102
-0.021
0.013
-0.085
0.039
-0.099
0.039
0.015
-0.018
-0.055
-0.078
0.005
0.005
-0.027
0.066
0.027
-0.012
0.074
-0.003
0.144
0.034
0.031
-0.013
0.024
0.071
-0.014
0.01
-0.08
-0.078
-0.067
-0.026
-0.12
-0.029
0.034
0.073
0.047
-0.105
-0.088
-0.013
0.047
-0.051
-0.07
-0.079
0.092
-0.007
-0.034
-0.064
-0.146
-0.032
-0.001
-0.092
-0.105
0.051
0.073
0.021
0.002
-0.035
-0.074
0.01
-0.048
0.043
0.049
-0.001
0.077
0.052
0.026
0.027
0.066
-0.052
0.036
-0.024
0.013
-0.049
0.015
0.178
-0.015
0.042
0.034
0.006
0.101
0.128
0.056
0.028
-0.008
0.107
0.046
0.037
0.013
0.055
0.142
0.116
-0.052
0.005
0.038
0.1
0.15
-0.093
-0.059
0.002
0.077
0.115
-0.011
0.062
0.054
0.063
0.026
0.048
-0.123
0.025
0.068
0.059
-0.025
-0.153
-0.075
-0.048
0.013
-0.073
-0.076
0.039
0.026
-0.025
-0.041
0.013
0.075
-0.002
-0.039
0.002
0.028
-0.011
0.065
0.046
-0.027
-0.15
-0.105
-0.141
-0.052
-0.049
-0.096
-0.127
-0.135
-0.026
0.032
-0.04
-0.074
-0.038
0.028
0.016
-0.04
-0.11
-0.081
0.044
0.019
-0.106
-0.114
-0.003
0.053
0.007
-0.015
-0.061
-0.006
-0.019
-0.023
-0.024
-0.024
0.115
0.046
0.111
-0.024
-0.004
0.081
0.135
-0.017
0.075
-0.004
0.088
0.082
0.071
0.047
0.071
-0.018
0.082
-0.024
0.005
0
0.007
0.122
0.016
0.095
0.02
-0.023
0.039
0.164
0.042
0.134
-0.021
-0.019
0.036
0.019
-0.05
0.03
-0.011
0.108
-0.052
0.034
0.072
0.049
0.137
0.017
-0.039
-0.036
0.05
0.137
-0.003
-0.036
0.04
0.025
0.117
-0.078
-0.036
0.063
0.12
-0.05
-0.133
-0.076
-0.035
-0.068
-0.063
0.029
-0.003
-0.159
-0.041
0.002
-0.085
-0.089
0.017
0.084
-0.048
-0.075
-0.015
-0.046
0.067
-0.04
-0.014
-0.168
-0.052
-0.065
-0.075
-0.142
-0.029
-0.023
-0.105
-0.054
-0.044
0.012
-0.046
0.03
-0.014
-0.057
-0.144
-0.129
-0.015
-0.014
0.043
-0.135
-0.16
-0.136
-0.14
-0.109
-0.059
-0.078
-0.083
-0.04
-0.037
-0.145
-0.063
0.045
0.041
0.069
-0.11
-0.043
0.007
0.069
0.129
-0.101
-0.134
-0.014
0.01
-0.047
-0.107
-0.086
-0.027
0.06
-0.036
-0.092
-0.04
-0.005
0.105
0.137
0.027
-0.072
0.118
0.11
0.079
0.016
-0.002
-0.031
-0.082
-0.084
-0.049
0.002
0.056
-0.005
-0.079
0.123
0.043
0.073
0.149
0.109
0.128
-0.067
0.018
-0.021
0.054
-0.001
0.086
0.047
0.025
-0.087
0.058
0.017
0.003
0.056
-0.003
-0.044
0.012
-0.069
0.059
0.105
0.088
-0.089
-0.084
-0.032
0.09
0.036
-0.046
0.066
0.034
-0.012
-0.068
-0.025
-0.082
-0.016
0.078
-0.055
-0.106
-0.056
-0.065
-0.04
-0.034
-0.088
-0.103
0.037
0.024
-0.054
0.007
-0.02
0.08
0.064
-0.033
0.009
-0.03
-0.031
-0.045
-0.028
-0.123
-0.075
-0.069
0.032
0.041
0.081
0.028
-0.046
0.094
0.022
-0.07
0.007
0.027
0.013
0.009
-0.015
-0.158
-0.018
0.097
0.019
-0.147
-0.185
-0.072
0.064
-0.036
-0.021
-0.069
-0.038
0.103
0.054
-0.043
-0.017
0.027
0.118
0.075
-0.043
-0.055
0.141
0.173
-0.006
0.042
-0.044
-0.015
0.041
0.014
0.054
0.021
0.058
0.161
0.009
0.009
0.034
0.125
0.085
0.001
0.186
0.022
0.062
-0
0.039
-0.068
0.042
0.078
0.007
0.052
0.049
0.017
0.061
0.051
0.111
-0.003
0.007
0.118
0.186
0.149
0.085
0.086
-0.004
0.035
0.049
0.082
-0.004
-0.032
0.032
-0.038
-0.075
-0.094
0.059
0.032
0.034
0.052
-0.068
-0.074
0.07
0.102
0.054
-0.074
0.015
0.023
-0.013
-0.033
-0.096
-0.058
0.046
-0.027
-0.197
-0.053
-0.113
-0.004
-0.07
-0.134
-0.085
-0.135
-0.047
-0.002
-0.011
-0.058
-0.11
-0.072
-0.064
-0.023
-0.073
-0.045
0.112
-0.042
-0.06
-0.067
-0.132
-0.093
-0.063
-0.141
-0.105
-0.163
-0.183
-0.075
-0.049
0.01
-0.162
-0.135
-0.039
-0.095
-0.04
-0.05
-0.112
-0.031
-0.019
-0.142
-0.086
-0.075
0.011
-0.019
-0.09
-0.126
-0.094
-0.009
0.014
-0.077
-0.04
-0.047
0.007
-0.053
-0.027
-0.018
0.084
0.117
0.04
0.043
-0.05
-0.022
-0.013
0.08
0.063
0.01
-0.066
0.045
-0.108
0.052
0.133
0.099
0.04
0.084
0.08
0.087
0.17
0.076
0.112
0.149
0.106
0.004
0.146
0.142
0.119
0.049
0.157
0.016
0.046
0.092
0.176
0.132
0.158
0.128
0.154
0.085
0.179
0.199
0.16
0.197
0.071
0.072
0.101
0.135
0.137
0.118
0.076
0.136
0.105
0.014
0.05
0.04
0.069
0.103
0.045
-0.026
0.034
0.194
0.084
0.08
0.118
-0.036
0.055
0.075
-0.107
-0.01
-0.031
-0.018
0.062
-0.023
-0.159
-0.086
-0.048
0.087
-0.083
-0.15
-0.034
-0.016
-0.061
-0.088
-0.051
-0.018
-0.097
-0.086
-0.001
-0.001
-0.032
-0.081
-0.14
-0.017
-0.133
-0.201
-0.102
-0.032
-0.003
-0.095
-0.212
-0.053
-0.094
0.01
0.017
0.011
-0.031
0.014
