-0.011
0.007
-0.016
0.012
-0.005
0.008
0.000
-0.017
-0.029
0.009
0.007
0.014
0.006
0.006
-0.005
0.010
-0.007
-0.001
-0.004
0.013
0.018
0.025
0.030
0.021
0.021
0.026
0.023
0.023
0.055
0.014
0.046
0.015
0.045
0.018
0.036
0.017
0.032
0.048
0.052
0.024
0.044
0.031
0.066
0.044
0.051
0.030
0.056
0.041
0.047
0.030
0.049
0.046
0.068
0.068
0.066
0.052
0.046
0.060
0.052
0.046
0.056
0.050
0.074
0.061
0.049
0.068
0.054
0.073
0.044
0.049
0.044
0.049
0.048
0.054
0.032
0.041
0.024
0.029
0.022
0.039
0.013
0.009
0.028
0.029
-0.010
0.010
-0.025
-0.024
-0.023
-0.019
-0.024
-0.026
-0.036
-0.043
-0.063
-0.057
-0.053
-0.060
-0.061
-0.070
-0.073
-0.090
-0.097
-0.131
-0.145
-0.144
-0.124
-0.141
-0.131
-0.142
-0.135
-0.177
-0.158
-0.194
-0.184
-0.193
-0.173
-0.204
-0.208
-0.213
-0.208
-0.203
-0.209
-0.232
-0.228
-0.210
-0.213
-0.210
-0.200
-0.222
-0.216
-0.190
-0.192
-0.184
-0.162
-0.165
-0.149
-0.146
-0.144
-0.119
-0.138
-0.120
-0.102
-0.105
-0.093
-0.062
-0.072
-0.040
-0.061
-0.023
0.006
0.011
0.035
0.078
0.074
0.098
0.090
0.110
0.113
0.135
0.143
0.190
0.199
0.235
0.210
0.212
0.220
0.258
0.290
0.285
0.293
0.299
0.325
0.328
0.333
0.316
0.333
0.349
0.359
0.346
0.368
0.352
0.347
0.308
0.331
0.319
0.344
0.313
0.322
0.295
0.300
0.286
0.287
0.221
0.265
0.238
0.229
0.182
0.212
0.160
0.179
0.125
0.121
0.110
0.113
0.069
0.058
0.028
-0.006
-0.005
-0.024
-0.059
-0.048
-0.080
-0.103
-0.147
-0.150
-0.171
-0.165
-0.177
-0.186
-0.236
-0.200
-0.211
-0.233
-0.279
-0.280
-0.298
-0.298
-0.326
-0.327
-0.330
-0.315
-0.341
-0.348
-0.331
-0.351
-0.338
-0.346
-0.347
-0.358
-0.335
-0.339
-0.328
-0.341
-0.321
-0.313
-0.295
-0.290
-0.264
-0.241
-0.249
-0.245
-0.225
-0.246
-0.204
-0.175
-0.179
-0.133
-0.143
-0.099
-0.147
-0.087
-0.091
-0.044
-0.024
-0.007
0.004
0.006
-0.020
0.005
0.008
0.062
0.057
0.088
0.103
0.111
0.120
0.132
0.125
0.135
0.140
0.161
0.175
0.164
0.167
0.155
0.195
0.173
0.195
0.190
0.215
0.185
0.212
0.184
0.200
0.165
0.188
0.172
0.183
0.157
0.167
0.156
0.157
0.129
0.117
0.103
0.099
0.113
0.082
0.068
0.102
0.096
0.048
0.021
0.060
0.033
0.014
0.014
0.027
0.012
0.006
-0.024
-0.033
-0.031
-0.041
-0.054
-0.046
-0.039
-0.040
-0.034
-0.063
-0.054
-0.074
-0.055
-0.059
-0.041
-0.069
-0.061
-0.067
-0.056
-0.080
-0.052
-0.051
-0.037
-0.036
-0.018
-0.022
-0.028
-0.051
-0.029
-0.020
0.010
0.006
0.014
0.032
0.023
0.023
0.030
0.007
0.035
0.061
0.057
0.050
0.072
0.068
0.073
0.079
0.072
0.085
0.075
0.100
0.093
0.094
0.070
0.096
0.063
0.088
0.075
0.102
0.082
0.073
0.065
0.082
0.061
0.075
0.044
0.064
0.049
0.062
0.047
0.027
0.010
0.001
-0.008
-0.009
-0.041
-0.034
-0.022
-0.037
-0.025
-0.050
-0.042
-0.065
-0.104
-0.122
-0.094
-0.127
-0.120
-0.139
-0.126
-0.145
-0.151
-0.170
-0.168
-0.170
-0.156
-0.163
-0.158
-0.180
-0.171
-0.205
-0.177
-0.193
-0.206
-0.163
-0.124
-0.171
-0.192
-0.180
-0.107
-0.093
-0.097
-0.160
-0.139
-0.090
-0.016
-0.076
-0.075
-0.094
-0.058
-0.087
-0.017
0.032
0.055
-0.033
-0.038
0.027
0.136
0.103
0.052
0.027
0.080
0.110
0.140
0.157
0.138
0.132
0.147
0.181
0.196
0.181
0.174
0.183
0.211
0.238
0.229
0.231
0.196
0.225
0.234
0.244
0.246
0.232
0.211
0.203
0.217
0.207
0.226
0.194
0.185
0.209
0.229
0.199
0.188
0.159
0.181
0.154
0.155
0.139
0.119
0.086
0.092
0.074
0.057
0.052
0.030
0.027
0.011
0.030
0.011
-0.010
-0.021
-0.028
-0.072
-0.044
-0.084
-0.058
-0.089
-0.096
-0.105
-0.118
-0.146
-0.133
-0.152
-0.140
-0.174
-0.168
-0.175
-0.178
-0.171
-0.184
-0.197
-0.165
-0.204
-0.185
-0.203
-0.182
-0.205
-0.176
-0.186
-0.196
-0.185
-0.171
-0.183
-0.175
-0.179
-0.142
-0.136
-0.122
-0.134
-0.114
-0.087
-0.080
-0.097
-0.085
-0.088
-0.053
-0.036
-0.051
-0.044
-0.035
-0.006
-0.017
0.004
0.023
0.034
0.032
0.044
0.033
0.055
0.032
0.060
0.061
0.074
0.066
0.077
0.085
0.101
0.074
0.106
0.073
0.113
0.078
0.107
0.123
0.127
0.112
0.134
0.101
0.102
0.112
0.105
0.097
0.096
0.106
0.079
0.077
0.087
0.064
0.072
0.075
0.086
0.084
0.042
0.026
0.031
0.029
0.022
0.036
0.011
0.024
0.000
0.008
-0.014
-0.018
-0.028
-0.024
-0.017
-0.028
-0.039
-0.027
-0.021
-0.048
-0.042
-0.026
-0.040
-0.040
-0.028
-0.055
-0.024
-0.035
-0.015
-0.044
-0.011
-0.038
-0.012
-0.037
-0.013
-0.010
0.010
-0.017
0.024
-0.003
0.019
0.024
0.035
0.021
0.040
0.023
0.033
0.017
0.027
0.026
0.044
0.039
0.032
0.045
0.056
0.024
0.035
0.020
0.061
0.045
0.031
0.026
0.022
0.027
0.023
0.015
0.003
0.019
0.016
-0.002
-0.013
-0.006
-0.032
0.002
-0.042
-0.007
-0.032
-0.002
-0.032
-0.037
-0.047
-0.029
-0.030
-0.018
-0.039
-0.016
-0.006
-0.018
-0.029
-0.006
-0.038
-0.026
-0.039
0.025
0.020
0.005
0.032
0.033
0.029
0.025
0.050
0.055
0.073
0.057
0.065
0.065
0.060
0.052
0.091
0.070
0.097
0.078
0.098
0.078
0.104
0.101
0.107
0.086
0.083
0.076
0.084
0.079
0.087
0.080
0.103
0.075
0.081
0.092
0.120
0.097
0.116
0.105
0.096
0.091
0.097
0.081
0.089
0.080
0.101
0.089
0.079
0.076
0.069
0.053
0.039
0.049
0.029
0.038
0.032
0.029
0.021
0.012
0.012
0.024
-0.008
0.006
0.005
0.005
-0.011
-0.026
-0.052
-0.006
-0.024
-0.028
-0.027
-0.033
-0.066
-0.058
-0.069
-0.058
-0.074
-0.084
-0.091
-0.087
-0.066
-0.105
-0.127
-0.126
-0.127
-0.145
-0.103
-0.132
-0.136
-0.136
-0.118
-0.149
-0.141
-0.153
-0.169
-0.184
-0.162
-0.169
-0.160
-0.203
-0.197
-0.194
-0.173
-0.190
-0.169
-0.189
-0.192
-0.177
-0.186
-0.190
-0.195
-0.188
-0.173
-0.158
-0.170
-0.153
-0.176
-0.154
-0.153
-0.166
-0.143
-0.161
-0.128
-0.125
-0.096
-0.077
-0.098
-0.075
-0.105
-0.066
-0.067
-0.036
-0.031
-0.007
-0.004
0.004
-0.005
0.026
0.043
0.066
0.066
0.089
0.094
0.087
0.109
0.137
0.135
0.145
0.163
0.195
0.206
0.217
0.218
0.228
0.251
0.263
0.275
0.279
0.307
0.309
0.312
0.308
0.306
0.287
0.332
0.315
0.332
0.318
0.342
0.330
0.337
0.332
0.346
0.306
0.357
0.300
0.255
0.322
0.333
0.340
0.250
0.245
0.278
0.297
0.283
0.171
0.204
0.255
0.180
0.068
0.162
0.229
0.100
0.011
0.073
0.176
0.071
0.001
0.011
0.032
-0.038
-0.049
-0.047
-0.028
-0.069
-0.097
-0.130
-0.125
-0.172
-0.155
-0.191
-0.187
-0.218
-0.192
-0.241
-0.247
-0.280
-0.267
-0.282
-0.275
-0.283
-0.309
-0.310
-0.303
-0.303
-0.295
-0.323
-0.316
-0.312
-0.323
-0.313
-0.327
-0.313
-0.319
-0.291
-0.311
-0.290
-0.279
-0.266
-0.271
-0.247
-0.251
-0.234
-0.242
-0.206
-0.206
-0.181
-0.184
-0.175
-0.148
-0.123
-0.140
-0.087
-0.112
-0.058
-0.094
-0.046
-0.044
-0.002
-0.019
0.004
0.019
0.019
0.046
0.067
0.066
0.070
0.076
0.103
0.125
0.112
0.109
0.107
0.125
0.132
0.151
0.120
0.149
0.150
0.159
0.153
0.183
0.157
0.172
0.168
0.165
0.138
0.160
0.134
0.164
0.157
0.157
0.157
0.131
0.127
0.129
0.095
0.095
0.101
0.103
0.103
0.087
0.072
0.056
0.061
0.057
0.056
0.028
0.053
0.017
0.033
-0.004
0.008
-0.027
0.007
-0.000
-0.006
-0.020
-0.027
-0.037
-0.027
-0.062
-0.045
-0.066
-0.030
-0.047
-0.042
-0.070
-0.063
-0.063
-0.052
-0.061
-0.042
-0.049
-0.048
-0.034
-0.064
-0.051
-0.051
-0.046
-0.025
-0.026
-0.003
-0.034
-0.023
-0.023
-0.024
0.003
0.001
0.011
0.011
0.029
0.035
0.026
0.020
0.026
0.010
0.045
0.032
0.068
0.030
0.076
0.053
0.066
0.054
0.059
0.052
0.084
0.095
0.083
0.077
0.075
0.062
0.081
0.055
0.075
0.080
0.080
0.060
0.059
0.054
0.063
0.035
0.037
0.034
0.035
0.023
0.037
0.007
-0.000
-0.004
0.001
0.025
-0.003
0.015
-0.011
-0.028
-0.043
-0.060
-0.064
-0.055
-0.064
-0.065
-0.073
-0.048
-0.092
-0.071
-0.104
-0.097
-0.104
-0.095
-0.124
-0.106
-0.104
-0.113
-0.116
-0.103
-0.105
-0.086
-0.103
-0.106
-0.103
-0.084
-0.089
-0.079
-0.086
-0.073
-0.053
-0.067
-0.031
-0.049
-0.018
-0.009
-0.014
0.009
-0.015
0.018
0.013
-0.005
-0.007
0.024
0.020
0.041
0.022
0.056
0.051
0.063
0.066
0.072
0.085
0.110
0.079
0.095
0.099
0.094
0.101
0.104
0.108
0.141
0.098
0.147
0.114
0.137
0.104
0.145
0.119
0.132
0.109
0.132
0.098
0.113
0.084
0.129
0.110
0.131
0.044
0.044
0.061
0.073
0.101
-0.003
0.038
0.040
0.079
0.006
-0.029
0.029
0.072
-0.048
-0.102
0.023
0.048
-0.091
-0.123
-0.044
0.017
-0.093
-0.104
-0.072
-0.063
-0.132
-0.128
-0.093
-0.104
-0.153
-0.145
-0.130
-0.127
-0.146
-0.160
-0.162
-0.137
-0.155
-0.160
-0.140
-0.156
-0.139
-0.153
-0.155
-0.134
-0.134
-0.157
-0.137
-0.136
-0.133
-0.108
-0.120
-0.089
-0.101
-0.070
-0.109
-0.088
-0.077
-0.041
-0.037
-0.033
-0.034
-0.013
-0.013
-0.000
-0.003
0.003
0.014
-0.009
0.016
0.029
0.006
0.006
0.009
0.004
0.033
0.047
0.077
0.025
0.089
0.053
0.078
0.065
0.074
0.067
0.093
0.072
0.094
0.082
0.075
0.067
0.062
0.064
0.085
0.069
0.098
0.085
0.108
0.083
0.060
0.060
0.065
0.067
0.037
0.065
0.066
0.058
0.061
0.046
0.053
0.040
0.031
0.037
0.033
0.036
0.019
0.015
0.028
0.020
0.034
0.019
-0.001
0.007
0.030
0.030
0.007
0.028
0.030
0.013
-0.001
0.018
0.022
0.061
0.040
0.053
0.043
0.041
0.056
0.074
0.073
0.069
0.074
0.093
0.058
0.079
0.061
0.079
0.071
0.070
0.050
0.079
0.059
0.079
0.048
0.060
0.054
0.071
0.041
0.036
0.035
0.022
0.014
0.027
-0.013
-0.019
-0.007
-0.037
-0.025
-0.028
-0.037
-0.055
-0.029
-0.058
-0.024
-0.062
-0.077
-0.063
0.007
-0.009
-0.032
-0.103
-0.077
-0.047
0.007
-0.019
-0.010
-0.025
-0.021
-0.053
0.004
-0.001
-0.014
-0.060
-0.011
0.047
0.012
0.028
-0.011
0.003
0.032
0.021
-0.026
0.062
0.039
0.008
-0.000
0.111
0.093
-0.016
-0.029
0.120
0.072
0.020
0.015
0.065
0.054
0.035
0.048
0.082
0.058
0.045
0.042
0.067
0.066
0.061
0.045
0.032
0.051
0.064
0.076
0.051
0.042
0.052
0.028
0.050
0.072
0.028
0.046
0.033
0.055
0.021
0.036
0.013
0.020
0.042
0.034
-0.014
0.007
0.030
0.018
-0.040
0.000
0.038
-0.012
-0.037
-0.017
-0.020
-0.017
-0.048
-0.026
-0.052
-0.038
-0.034
-0.038
-0.041
-0.049
-0.067
-0.058
-0.062
-0.065
-0.079
-0.076
-0.079
-0.094
-0.092
-0.058
-0.085
-0.099
-0.084
-0.099
-0.100
-0.124
-0.093
-0.127
-0.103
-0.123
-0.096
-0.108
-0.129
-0.114
-0.092
-0.119
-0.101
-0.119
-0.113
-0.141
-0.122
-0.093
-0.102
-0.093
-0.096
-0.105
-0.113
-0.119
-0.121
-0.091
-0.107
-0.086
-0.088
-0.079
-0.104
-0.096
-0.084
-0.074
-0.082
-0.054
-0.065
-0.014
-0.060
-0.035
-0.050
-0.060
-0.040
-0.020
-0.035
-0.021
-0.014
-0.001
-0.011
0.022
0.014
0.032
0.029
0.040
0.049
0.056
0.038
0.059
0.046
0.094
0.068
0.097
0.114
0.104
0.133
0.135
0.126
0.134
0.118
0.144
0.135
0.146
0.165
0.172
0.186
0.160
0.168
0.174
0.195
0.196
0.214
0.193
0.203
0.178
0.208
0.194
0.205
0.180
0.203
0.243
0.239
0.171
0.175
0.206
0.215
0.227
0.165
0.151
0.163
0.221
0.178
0.137
0.112
0.112
0.099
0.135
0.174
0.180
0.091
0.040
0.052
0.138
0.081
0.038
-0.007
0.031
0.064
0.069
0.019
-0.012
-0.047
-0.030
-0.041
-0.019
-0.053
-0.065
-0.129
-0.100
-0.107
-0.068
-0.128
-0.129
-0.159
-0.136
-0.133
-0.155
-0.178
-0.191
-0.192
-0.165
-0.183
-0.200
-0.198
-0.210
-0.203
-0.186
-0.216
-0.225
-0.234
-0.208
-0.195
-0.221
-0.209
-0.214
-0.215
-0.218
-0.189
-0.187
-0.185
-0.183
-0.200
-0.177
-0.167
-0.164
-0.164
-0.142
-0.169
-0.122
-0.120
-0.115
-0.110
-0.091
-0.082
-0.084
-0.083
-0.021
-0.038
-0.042
-0.037
-0.015
-0.019
-0.016
0.002
0.016
0.006
0.052
0.042
0.079
0.038
0.059
0.063
0.085
0.084
0.107
0.097
0.095
0.086
0.086
0.106
0.115
0.076
0.075
0.110
0.141
0.142
0.097
0.067
0.084
0.118
0.142
0.145
0.106
0.091
0.090
0.108
0.073
0.111
0.076
0.074
0.082
0.096
0.055
0.063
0.063
0.011
-0.025
0.090
0.103
-0.003
-0.051
0.058
0.069
0.016
-0.008
0.011
0.008
-0.016
-0.019
0.008
-0.019
-0.040
-0.044
-0.015
-0.007
-0.032
-0.031
-0.028
-0.027
-0.030
-0.008
-0.032
-0.039
-0.036
-0.027
-0.023
0.003
-0.019
0.001
-0.030
-0.006
-0.012
0.013
0.005
0.006
0.028
0.071
-0.003
0.010
0.018
0.043
-0.010
0.033
0.063
0.079
0.051
0.047
0.044
0.048
0.042
0.049
0.048
0.062
0.079
0.075
0.082
0.081
0.075
0.090
0.091
0.082
0.069
0.087
0.078
0.061
0.055
0.049
0.068
0.078
0.079
0.062
0.060
0.021
0.045
-0.000
0.013
0.018
0.028
0.017
0.017
0.008
0.020
-0.013
-0.009
-0.024
-0.035
-0.034
-0.005
-0.045
-0.036
-0.048
-0.035
-0.078
-0.061
-0.098
-0.076
-0.065
-0.084
-0.080
-0.067
-0.053
-0.092
-0.093
-0.096
-0.061
-0.086
-0.068
-0.071
-0.082
-0.087
-0.091
-0.090
-0.064
-0.055
-0.056
-0.087
-0.041
-0.074
-0.049
-0.059
-0.035
-0.035
-0.023
-0.017
-0.009
-0.003
0.003
-0.016
0.001
-0.013
-0.004
0.022
0.041
0.034
0.043
0.024
0.061
0.040
0.075
0.052
0.094
0.069
0.067
0.063
0.071
0.081
0.094
0.106
0.121
0.090
0.106
0.108
0.110
0.092
0.111
0.097
0.107
0.096
0.091
0.068
0.086
0.060
0.070
0.055
0.060
0.055
0.069
0.057
0.057
0.056
0.042
0.036
0.033
0.046
0.023
0.018
0.013
0.011
0.004
0.010
-0.013
-0.003
-0.018
-0.018
-0.048
-0.025
-0.066
-0.024
-0.078
-0.054
-0.079
-0.065
-0.081
-0.066
-0.075
-0.088
-0.100
-0.085
-0.070
-0.064
-0.091
-0.080
-0.098
-0.090
-0.084
-0.090
-0.078
-0.096
-0.087
-0.099
-0.084
-0.087
-0.078
-0.086
-0.071
-0.081
-0.059
-0.089
-0.060
-0.068
-0.043
-0.055
-0.035
-0.057
-0.004
-0.019
0.005
-0.028
-0.011
-0.020
-0.000
-0.035
-0.005
-0.008
0.017
0.033
0.031
0.032
0.035
0.016
0.041
0.040
0.039
0.039
0.053
0.064
0.065
0.077
0.082
0.052
0.077
0.071
0.084
0.110
0.068
0.082
0.073
0.084
0.082
0.076
0.084
0.081
0.068
0.075
0.061
0.082
0.077
0.070
0.066
0.066
0.069
0.073
0.067
0.067
0.067
0.072
0.076
0.061
0.044
0.066
0.099
0.082
0.083
0.076
0.068
0.071
0.072
0.057
0.066
0.075
0.101
0.069
0.091
0.064
0.074
0.039
0.078
0.046
0.089
0.067
0.064
0.057
0.066
0.044
0.072
0.044
0.054
0.047
0.042
0.019
0.032
-0.009
0.008
0.019
0.029
0.004
-0.022
-0.001
0.016
0.007
-0.000
-0.005
0.005
-0.010
-0.012
-0.010
-0.026
-0.025
-0.036
-0.034
-0.042
-0.026
-0.049
-0.034
-0.066
-0.031
-0.027
-0.024
-0.048
-0.040
-0.055
-0.052
-0.073
-0.050
-0.040
-0.037
-0.039
-0.041
-0.067
-0.042
-0.061
-0.052
-0.059
-0.030
-0.056
-0.039
-0.050
-0.043
-0.039
-0.039
-0.033
-0.031
-0.038
-0.023
-0.019
-0.028
-0.037
-0.022
-0.022
-0.014
0.007
-0.009
0.002
0.029
0.036
0.030
0.046
0.043
0.057
0.026
0.053
0.045
0.056
0.017
0.024
0.023
0.049
0.010
0.041
0.032
0.052
0.039
0.065
0.036
0.038
0.030
0.050
0.050
0.052
0.054
0.059
0.065
0.067
0.052
0.059
0.039
0.054
0.047
0.047
0.039
0.012
0.051
0.003
0.046
0.024
0.028
0.023
0.017
0.022
0.026
-0.005
0.009
0.004
0.012
0.005
0.005
-0.003
-0.020
-0.018
-0.012
-0.034
-0.018
-0.035
-0.030
-0.040
-0.037
-0.040
-0.059
-0.038
-0.044
-0.043
-0.048
-0.045
-0.050
-0.051
-0.070
-0.039
-0.069
-0.058
-0.086
-0.049
-0.088
-0.094
-0.102
-0.091
-0.094
-0.072
-0.089
-0.080
-0.109
-0.067
-0.091
-0.089
-0.109
-0.088
-0.087
-0.077
-0.086
-0.089
-0.094
-0.064
-0.091
-0.069
-0.082
-0.074
-0.073
-0.088
-0.084
-0.069
-0.046
-0.039
-0.049
-0.053
-0.042
-0.042
-0.033
-0.035
-0.021
-0.036
-0.018
-0.023
-0.003
-0.029
0.015
-0.014
-0.008
-0.011
-0.020
0.001
0.005
0.027
0.037
0.005
0.055
0.014
0.028
0.039
0.038
0.082
0.050
0.051
0.065
0.063
0.075
0.076
0.053
0.084
0.097
0.094
0.101
0.100
0.086
0.101
0.113
0.109
0.117
0.134
0.135
0.149
0.116
0.130
0.095
0.101
0.108
0.129
0.126
0.155
0.128
0.144
0.124
0.126
0.099
0.114
0.121
0.122
0.116
0.111
0.097
0.096
0.069
0.094
0.096
0.081
0.078
0.085
0.074
0.064
0.059
0.035
0.025
0.024
0.038
0.028
0.030
0.018
-0.010
-0.024
-0.023
-0.015
-0.045
-0.039
-0.041
-0.065
-0.061
-0.090
-0.072
-0.103
-0.098
-0.114
-0.093
-0.108
-0.099
-0.118
-0.111
-0.156
-0.146
-0.155
-0.171
-0.154
-0.172
-0.146
-0.139
-0.168
-0.151
-0.163
-0.169
-0.210
-0.199
-0.183
-0.194
-0.185
-0.209
-0.202
-0.210
-0.177
-0.191
-0.137
-0.133
-0.113
-0.149
-0.132
-0.156
-0.118
-0.123
-0.099
-0.117
-0.100
-0.104
-0.082
-0.098
-0.093
-0.097
-0.060
-0.057
-0.038
-0.028
-0.021
-0.028
-0.018
-0.018
-0.010
-0.008
-0.004
0.035
0.018
0.033
0.022
0.045
0.048
0.045
0.054
0.075
0.050
0.089
0.044
0.075
0.069
0.089
0.082
0.094
0.087
0.087
0.081
0.102
0.081
0.103
0.077
0.075
0.075
0.098
0.074
0.090
0.050
0.090
0.043
0.007
0.018
0.030
0.042
0.058
0.014
0.030
-0.013
0.010
0.004
0.050
0.045
0.025
0.063
0.018
0.042
0.022
0.010
-0.006
0.009
-0.004
-0.005
-0.014
0.001
-0.040
-0.020
-0.029
-0.016
0.004
-0.005
-0.022
-0.012
-0.039
-0.033
-0.055
-0.014
-0.032
-0.018
-0.014
-0.020
-0.024
-0.017
-0.024
-0.031
-0.041
-0.019
-0.030
-0.017
-0.007
-0.011
-0.012
-0.013
0.005
-0.010
-0.009
0.015
0.013
-0.004
0.013
0.014
0.008
-0.011
0.019
0.016
0.034
0.033
0.025
0.016
0.034
0.026
0.049
0.035
0.043
0.028
0.041
0.041
0.022
0.002
0.023
0.006
0.017
0.026
0.033
0.017
0.026
0.027
0.009
-0.002
0.008
0.010
-0.002
0.012
0.012
0.009
-0.012
-0.004
-0.039
-0.013
-0.022
0.004
-0.015
-0.005
-0.020
-0.042
-0.061
-0.019
-0.043
-0.029
-0.000
-0.004
-0.011
-0.024
-0.106
-0.057
-0.045
-0.001
-0.024
-0.069
-0.096
-0.007
-0.036
-0.043
-0.067
-0.053
-0.024
-0.013
-0.058
-0.023
0.024
-0.027
-0.133
-0.051
0.053
0.004
-0.097
-0.041
0.033
-0.004
-0.032
-0.015
0.008
-0.015
-0.019
0.001
0.000
-0.003
0.007
0.001
0.041
0.027
0.017
0.017
0.042
0.045
0.054
0.029
0.058
0.026
0.018
0.013
0.048
0.063
0.067
0.066
0.055
0.056
0.052
0.051
0.057
0.065
0.053
0.025
0.032
0.046
0.049
0.031
0.056
0.008
0.050
0.038
0.017
0.029
0.024
0.028
0.040
0.021
0.014
0.002
0.012
0.004
-0.002
-0.017
-0.030
-0.011
-0.016
-0.004
-0.021
-0.028
-0.038
-0.042
-0.001
-0.007
-0.052
-0.062
-0.037
0.001
-0.024
-0.061
-0.107
-0.059
-0.022
-0.004
-0.072
-0.066
-0.086
-0.100
-0.092
-0.012
-0.024
-0.060
-0.132
-0.083
-0.004
0.039
-0.097
-0.096
-0.095
-0.027
-0.027
-0.032
-0.060
-0.060
-0.081
-0.034
-0.014
-0.025
-0.067
-0.075
-0.035
0.003
-0.002
-0.020
-0.040
-0.023
-0.002
0.024
-0.019
0.003
-0.007
0.008
0.015
0.032
0.026
0.010
0.016
0.026
0.046
0.033
0.032
0.004
0.026
0.040
0.053
0.040
0.046
0.050
0.043
0.050
0.044
0.029
0.023
0.033
0.039
0.038
0.042
0.045
0.038
0.022
0.036
0.036
0.023
0.042
0.044
0.036
0.041
0.043
0.028
0.018
0.036
0.049
0.051
0.059
0.045
0.050
0.033
0.053
0.031
0.028
0.040
0.060
0.057
0.056
0.051
0.071
0.047
0.066
0.052
0.065
0.067
0.069
0.027
0.062
0.017
0.047
0.028
0.027
0.021
0.032
0.046
0.038
0.036
0.029
0.023
0.012
0.009
0.010
0.013
0.015
0.009
0.036
0.010
-0.005
0.008
-0.021
0.008
-0.002
0.013
-0.017
0.001
-0.016
-0.016
-0.005
-0.014
-0.024
-0.012
-0.013
-0.006
-0.030
-0.011
-0.024
-0.017
-0.034
-0.024
-0.027
-0.017
-0.032
-0.048
-0.036
-0.028
-0.035
-0.034
-0.031
-0.011
-0.022
-0.037
-0.016
-0.037
-0.044
-0.032
-0.024
-0.033
-0.016
-0.020
-0.003
-0.023
-0.001
-0.018
-0.003
-0.006
0.005
-0.019
0.003
-0.003
0.013
-0.020
0.012
-0.025
0.019
0.010
0.008
-0.005
0.020
0.028
0.018
0.003
-0.004
0.027
0.015
0.032
0.018
0.033
0.051
0.031
0.019
0.040
0.030
0.038
0.030
0.037
0.025
0.041
0.031
0.024
0.021
0.036
0.040
0.040
0.033
0.050
0.020
0.034
0.022
0.033
0.004
0.045
0.018
0.029
0.008
0.032
0.012
0.030
0.008
-0.008
0.015
0.012
0.003
-0.036
-0.024
-0.008
-0.010
0.003
-0.013
0.004
-0.005
-0.011
-0.017
-0.025
-0.040
-0.037
-0.022
-0.025
-0.023
-0.027
-0.030
-0.058
-0.034
-0.042
-0.024
-0.021
-0.039
-0.065
-0.036
-0.069
-0.035
-0.069
-0.050
-0.057
-0.042
-0.061
-0.059
-0.065
-0.035
-0.063
-0.053
-0.050
-0.054
-0.047
-0.064
-0.043
-0.060
-0.063
-0.065
-0.056
-0.065
-0.045
-0.042
-0.025
-0.051
-0.034
-0.047
-0.035
-0.054
-0.042
-0.042
-0.011
-0.003
-0.002
-0.016
0.001
-0.034
-0.014
-0.009
0.008
0.002
-0.004
-0.003
0.006
0.000
-0.012
-0.022
0.010
0.027
0.019
0.031
0.031
0.022
0.036
0.035
0.034
0.077
0.049
0.077
0.064
0.050
0.050
0.063
0.041
0.076
0.074
0.100
0.086
0.087
0.068
0.070
0.066
0.107
0.082
0.105
0.107
0.113
0.107
0.124
0.083
0.105
0.101
0.112
0.095
0.105
0.100
0.111
0.086
0.091
0.087
0.098
0.089
0.092
0.089
0.097
0.091
0.068
0.080
0.064
0.078
0.071
0.079
0.061
0.073
0.054
0.065
0.059
0.032
0.010
0.044
0.027
0.038
0.037
0.049
0.023
0.025
-0.005
-0.009
-0.014
0.014
-0.013
-0.008
-0.020
-0.018
-0.046
-0.053
-0.082
-0.073
-0.058
-0.062
-0.063
-0.082
-0.062
-0.089
-0.080
-0.112
-0.075
-0.099
-0.066
-0.109
-0.093
-0.138
-0.111
-0.137
-0.124
-0.131
-0.099
-0.102
-0.100
-0.121
-0.110
-0.158
-0.127
-0.133
-0.099
-0.106
-0.088
-0.109
-0.112
-0.129
-0.076
-0.104
-0.071
-0.147
-0.112
-0.092
-0.056
-0.037
-0.129
-0.084
-0.061
0.004
-0.069
-0.088
-0.005
0.035
-0.064
-0.089
0.033
0.050
-0.085
-0.095
0.036
0.089
-0.045
-0.044
0.008
0.016
-0.004
0.003
0.059
0.053
0.038
0.024
0.041
0.046
0.042
0.036
0.028
0.041
