-0.006
0.002
0.001
-0.001
-0.002
0.005
-0.004
-0.004
-0.004
-0.011
-0.011
-0.010
-0.008
-0.015
-0.005
-0.003
-0.009
0.009
0.003
0.005
0.007
0.001
0.003
0.005
0.014
0.007
0.016
0.024
0.024
0.016
0.016
0.032
0.023
0.007
0.054
-0.026
0.061
0.012
0.027
0.042
0.008
0.007
-0.011
0.074
-0.048
0.038
0.020
-0.006
-0.007
0.023
-0.010
-0.002
-0.003
-0.011
-0.003
-0.012
-0.020
-0.012
-0.012
-0.012
-0.020
-0.004
-0.004
-0.004
-0.011
0.013
-0.018
-0.010
0.015
0.000
0.009
0.010
-0.005
0.011
0.003
0.004
0.012
0.004
-0.004
0.012
0.003
-0.005
0.003
-0.014
-0.015
0.001
-0.016
-0.001
-0.010
-0.019
-0.004
-0.013
-0.006
-0.015
-0.024
-0.000
-0.009
-0.001
-0.009
-0.009
-0.009
-0.009
-0.008
-0.007
-0.006
0.011
0.004
0.013
0.006
-0.001
0.016
-0.007
0.002
-0.006
-0.006
0.018
0.002
0.002
0.001
0.000
-0.000
-0.009
-0.002
-0.003
-0.011
-0.004
-0.020
-0.013
-0.013
-0.013
-0.005
0.011
-0.005
-0.013
-0.005
-0.005
-0.029
0.003
-0.014
0.026
-0.006
0.059
-0.077
0.099
-0.076
0.052
-0.052
0.037
-0.043
0.037
-0.035
0.013
-0.003
0.004
-0.028
0.011
-0.013
-0.014
-0.014
-0.015
-0.016
-0.009
-0.018
-0.019
-0.019
-0.004
-0.005
-0.005
-0.014
-0.014
-0.006
-0.014
0.003
-0.021
0.004
0.005
0.014
-0.009
-0.001
-0.008
-0.008
-0.016
0.008
-0.009
-0.002
-0.003
-0.004
-0.013
-0.014
-0.023
-0.024
-0.009
-0.017
-0.018
-0.026
-0.026
-0.017
-0.025
-0.016
-0.023
-0.014
0.003
-0.012
-0.011
-0.009
0.009
-0.005
0.005
0.007
0.009
0.028
0.031
0.025
0.027
0.013
0.023
0.017
0.025
0.026
0.018
0.018
0.025
0.024
0.015
0.013
0.011
0.009
0.007
-0.003
-0.005
0.001
-0.010
-0.004
-0.014
-0.017
-0.011
-0.006
-0.016
-0.018
-0.028
-0.006
-0.024
-0.018
-0.027
-0.019
0.004
-0.011
-0.011
-0.018
-0.024
-0.014
-0.021
-0.011
-0.017
-0.015
0.003
-0.004
-0.011
-0.010
-0.009
-0.016
-0.007
-0.007
-0.006
-0.006
-0.005
-0.012
0.006
-0.001
0.001
-0.006
0.012
0.006
0.008
0.010
0.004
0.014
0.016
0.018
0.020
0.031
0.041
0.035
0.029
0.032
0.027
0.038
0.049
0.045
0.048
0.044
0.047
0.051
0.054
0.066
0.069
0.063
0.066
0.067
0.076
0.070
0.071
0.086
0.069
0.060
0.057
0.054
0.041
0.044
0.029
0.029
0.013
0.012
0.001
-0.026
-0.029
-0.041
-0.062
-0.059
-0.089
-0.095
-0.109
-0.131
-0.129
-0.143
-0.156
-0.160
-0.171
-0.180
-0.180
-0.193
-0.196
-0.197
-0.186
-0.189
-0.180
-0.145
-0.131
-0.121
-0.101
-0.063
-0.039
-0.029
-0.002
0.019
0.063
0.091
0.111
0.146
0.156
0.181
0.211
0.224
0.242
0.258
0.263
0.274
0.282
0.280
0.290
0.281
0.277
0.269
0.266
0.244
0.227
0.207
0.184
0.158
0.130
0.109
0.095
0.048
0.034
-0.013
-0.042
-0.054
-0.087
-0.111
-0.132
-0.150
-0.158
-0.187
-0.197
-0.205
-0.202
-0.213
-0.213
-0.211
-0.207
-0.209
-0.193
-0.191
-0.187
-0.158
-0.160
-0.136
-0.111
-0.110
-0.083
-0.073
-0.046
-0.028
-0.018
0.007
0.022
0.045
0.058
0.061
0.079
0.087
0.101
0.098
0.101
0.103
0.103
0.118
0.107
0.096
0.099
0.085
0.086
0.070
0.062
0.053
0.035
0.034
0.008
0.006
-0.003
-0.012
-0.012
-0.036
-0.027
-0.048
-0.053
-0.049
-0.052
-0.046
-0.046
-0.053
-0.042
-0.031
-0.034
-0.020
-0.021
-0.013
-0.004
0.005
0.015
0.024
0.041
0.050
0.051
0.059
0.066
0.064
0.076
0.080
0.075
0.068
0.076
0.067
0.073
0.062
0.065
0.068
0.045
0.053
0.021
0.012
0.019
0.001
-0.001
-0.027
-0.021
-0.015
-0.032
-0.048
-0.047
-0.061
-0.058
-0.054
-0.072
-0.081
-0.073
-0.064
-0.069
-0.065
-0.045
-0.072
-0.002
-0.107
-0.021
-0.102
0.024
-0.105
0.030
-0.084
0.026
-0.065
0.061
-0.063
0.037
-0.023
0.036
-0.017
0.041
-0.013
0.053
-0.027
0.085
0.037
0.028
0.042
0.072
0.062
-0.020
0.082
0.023
0.020
0.073
0.039
0.028
0.041
0.022
0.043
0.009
0.038
-0.004
0.010
-0.000
-0.002
0.004
-0.006
-0.015
-0.008
-0.008
-0.008
-0.016
-0.023
-0.022
-0.012
-0.026
-0.024
-0.014
-0.012
-0.002
-0.016
-0.005
-0.011
-0.009
-0.007
-0.006
-0.012
-0.010
0.023
0.001
0.003
0.012
-0.002
0.015
0.008
0.016
-0.008
-0.008
0.007
-0.010
-0.004
-0.006
-0.001
0.004
-0.015
-0.010
-0.022
-0.025
-0.029
-0.024
-0.027
-0.029
-0.016
-0.018
-0.027
-0.012
-0.021
-0.022
-0.015
-0.015
-0.024
-0.016
-0.017
-0.003
-0.005
0.009
0.006
-0.006
-0.002
0.000
0.003
0.012
-0.005
0.018
-0.007
0.024
-0.041
0.022
-0.003
0.005
0.030
-0.017
-0.024
-0.015
0.067
-0.058
0.025
-0.003
-0.024
-0.011
0.017
-0.034
0.003
0.007
-0.012
0.017
-0.002
-0.014
0.006
-0.007
-0.004
-0.003
-0.009
-0.001
-0.009
0.013
-0.005
-0.007
0.006
-0.013
-0.001
-0.013
-0.017
0.003
-0.016
-0.004
-0.007
-0.002
-0.005
-0.007
-0.001
-0.011
-0.005
-0.014
-0.015
-0.007
-0.016
-0.016
0.015
-0.009
0.007
-0.009
-0.009
-0.001
-0.018
-0.002
-0.011
-0.019
0.003
-0.006
-0.008
-0.026
-0.021
-0.016
-0.035
-0.039
-0.043
-0.031
-0.050
-0.022
-0.064
-0.018
-0.067
0.013
-0.130
0.048
-0.116
0.009
-0.058
-0.004
-0.061
0.018
-0.047
0.024
-0.009
0.014
0.005
0.011
0.024
0.013
0.034
0.022
0.034
0.045
0.047
0.049
0.050
0.042
0.049
0.032
0.062
0.027
0.056
0.044
0.041
0.037
0.041
0.029
0.049
0.030
0.027
0.016
0.005
0.002
-0.001
-0.011
-0.005
0.001
-0.008
-0.010
-0.011
-0.011
-0.012
-0.021
-0.021
-0.021
-0.037
-0.022
-0.015
-0.016
-0.017
-0.035
-0.029
-0.032
-0.034
-0.029
-0.040
-0.043
-0.037
-0.032
-0.050
-0.036
-0.045
-0.047
-0.024
-0.048
-0.049
-0.048
-0.032
-0.038
-0.044
-0.034
-0.023
-0.027
-0.023
-0.010
-0.005
-0.016
-0.002
-0.005
0.016
0.004
0.016
0.028
0.023
0.034
0.021
0.031
0.033
0.035
0.037
0.039
0.042
0.052
0.062
0.025
0.027
0.028
0.038
0.031
0.039
0.039
0.039
0.046
0.044
0.043
0.033
0.031
0.037
0.027
0.025
0.029
0.029
0.028
0.028
0.020
0.005
0.029
-0.009
0.040
-0.014
0.005
0.017
-0.009
-0.003
-0.004
-0.027
-0.081
0.018
-0.033
-0.066
0.014
-0.049
-0.061
-0.000
-0.065
-0.040
-0.030
-0.043
-0.030
-0.024
-0.041
-0.010
-0.035
-0.021
-0.016
-0.020
-0.019
-0.012
-0.000
0.016
0.006
-0.001
0.013
0.008
0.022
0.018
0.018
0.032
0.027
0.028
0.035
0.017
0.037
0.026
0.022
0.017
0.013
0.025
0.014
0.028
0.011
0.019
0.013
0.009
0.008
0.009
0.013
0.012
0.023
0.013
0.007
0.013
0.014
0.010
0.018
0.012
0.008
0.014
-0.003
-0.003
0.006
-0.002
0.022
0.005
0.004
0.009
-0.010
-0.023
0.034
-0.045
0.058
-0.104
0.108
-0.073
0.040
-0.033
0.029
-0.056
0.025
-0.039
0.006
-0.007
0.010
-0.030
0.008
0.013
-0.016
0.035
-0.003
0.023
0.009
0.002
0.012
0.005
0.007
0.010
-0.011
0.025
-0.002
0.012
-0.012
0.013
-0.008
-0.003
-0.012
-0.019
-0.009
0.011
-0.008
0.007
-0.017
-0.000
-0.015
-0.021
-0.011
-0.009
-0.007
0.002
-0.005
0.004
0.004
-0.005
0.009
0.006
0.009
0.004
-0.012
-0.004
0.001
0.005
0.000
0.018
0.019
0.019
0.019
0.002
0.023
0.006
-0.004
0.003
-0.006
0.001
0.017
0.011
0.013
0.008
0.004
0.001
-0.008
-0.009
0.008
-0.007
0.012
-0.001
0.003
0.000
-0.002
-0.004
-0.021
0.001
-0.016
-0.017
-0.002
-0.010
-0.011
-0.028
-0.020
-0.006
-0.008
-0.002
-0.013
-0.009
0.003
-0.002
-0.008
-0.006
-0.005
0.003
0.003
-0.006
0.001
-0.001
0.004
0.001
-0.003
-0.015
-0.011
-0.015
-0.004
-0.009
-0.006
-0.011
-0.008
-0.005
0.006
-0.014
-0.010
-0.014
-0.009
0.004
-0.015
-0.009
0.014
0.013
0.004
-0.003
-0.003
0.006
0.007
0.001
0.002
0.004
0.023
0.017
0.004
0.007
0.002
0.005
0.007
-0.006
0.004
0.006
0.000
0.001
0.002
0.003
-0.005
0.003
-0.006
0.002
-0.015
-0.008
-0.001
-0.001
-0.010
-0.002
-0.011
0.005
0.004
0.004
-0.005
-0.006
0.001
0.000
-0.001
0.006
0.005
0.013
0.020
0.004
0.004
-0.012
0.013
-0.010
-0.001
-0.008
-0.006
-0.004
-0.002
-0.000
-0.006
-0.011
-0.001
0.002
-0.004
-0.009
-0.008
0.002
-0.005
-0.004
0.004
-0.004
0.012
0.019
0.002
0.001
0.007
0.014
0.012
0.002
0.001
0.007
0.014
0.012
0.003
0.010
-0.007
0.008
-0.001
-0.002
0.005
-0.003
-0.003
-0.003
-0.003
-0.003
-0.003
0.006
-0.002
-0.002
-0.009
-0.009
-0.001
-0.008
-0.000
-0.008
0.000
0.001
0.009
0.010
0.002
0.003
0.003
0.012
0.004
-0.003
0.013
0.013
0.013
0.005
0.004
0.004
0.003
-0.006
0.001
-0.008
-0.009
0.007
-0.002
-0.002
-0.002
-0.002
-0.002
-0.010
-0.001
-0.009
-0.009
-0.000
0.000
0.001
-0.007
0.001
0.018
0.010
0.010
0.003
-0.005
0.019
0.004
0.004
0.005
-0.002
0.024
0.009
0.012
-0.002
-0.006
0.013
0.001
-0.002
0.010
-0.010
0.034
-0.051
0.024
-0.053
-0.012
0.005
0.037
-0.011
-0.020
0.011
-0.007
-0.017
0.021
-0.030
0.031
-0.004
0.025
-0.010
0.018
-0.026
0.034
-0.011
0.024
-0.005
0.014
-0.008
0.059
-0.010
-0.031
0.020
0.040
-0.036
-0.031
0.038
-0.044
0.003
0.018
0.002
-0.005
-0.019
0.006
-0.015
-0.013
-0.018
-0.015
0.005
-0.008
0.011
-0.009
-0.006
0.005
-0.008
-0.005
-0.003
-0.000
0.002
0.020
0.013
-0.001
0.009
0.019
0.012
0.006
-0.009
-0.007
-0.005
-0.004
-0.010
0.000
-0.006
0.005
-0.000
-0.006
-0.003
-0.008
-0.014
-0.011
-0.009
-0.007
-0.006
-0.005
-0.005
-0.013
-0.014
-0.008
0.006
-0.005
-0.000
-0.012
-0.008
0.005
0.001
-0.011
0.002
0.006
-0.005
0.007
0.004
-0.007
-0.003
-0.022
-0.009
-0.004
-0.015
-0.002
-0.013
0.001
-0.002
-0.012
-0.013
-0.007
-0.008
-0.009
0.007
-0.018
-0.010
-0.002
-0.002
-0.006
-0.004
-0.002
-0.001
0.008
0.009
0.009
0.001
0.008
0.007
0.005
0.010
-0.009
-0.004
0.001
-0.010
-0.005
-0.001
-0.011
0.002
-0.009
-0.011
-0.013
-0.014
-0.015
-0.016
-0.015
-0.014
-0.004
-0.009
-0.005
-0.009
-0.011
-0.005
0.001
-0.008
0.008
-0.009
-0.002
0.006
-0.012
0.003
0.008
0.004
0.016
0.011
0.012
0.004
-0.004
-0.014
0.006
-0.006
-0.003
-0.009
0.001
0.009
-0.007
-0.014
0.001
-0.007
-0.015
0.002
-0.022
-0.030
-0.005
-0.020
-0.010
-0.009
-0.015
0.004
-0.010
-0.006
-0.010
-0.006
-0.001
-0.003
0.003
-0.013
-0.005
0.004
-0.026
-0.008
-0.013
-0.009
-0.013
-0.000
-0.003
-0.014
-0.032
-0.034
-0.004
0.066
-0.022
-0.007
-0.015
0.001
-0.046
0.026
0.019
-0.012
0.020
0.020
-0.012
-0.030
0.016
-0.019
-0.008
-0.006
-0.005
-0.013
-0.014
-0.000
-0.012
-0.016
-0.021
-0.010
0.000
-0.014
-0.020
-0.003
-0.025
-0.023
-0.021
-0.011
-0.000
-0.006
-0.002
-0.006
-0.010
-0.005
-0.008
-0.010
-0.012
0.003
0.010
0.010
0.002
-0.005
0.004
0.005
-0.009
-0.016
0.002
-0.012
-0.002
0.000
-0.014
-0.012
-0.018
-0.008
-0.007
-0.005
-0.020
-0.019
-0.026
-0.026
-0.009
-0.024
-0.015
-0.007
0.002
-0.014
-0.006
-0.007
-0.007
-0.008
-0.001
-0.002
-0.004
0.010
0.024
-0.002
-0.004
0.002
-0.008
-0.017
0.022
-0.027
0.037
-0.050
0.023
-0.040
0.057
-0.069
0.045
-0.048
0.018
-0.043
0.016
-0.046
0.021
-0.033
0.033
-0.045
0.029
-0.017
0.009
-0.030
0.003
-0.012
0.013
-0.010
-0.001
0.008
0.017
0.017
0.018
-0.005
-0.005
0.011
-0.037
0.027
0.019
-0.022
0.001
0.024
0.015
-0.042
0.013
0.019
-0.046
0.008
0.007
-0.018
0.012
-0.013
0.002
0.000
-0.001
-0.010
0.004
0.003
0.002
-0.007
0.008
0.007
0.006
0.006
-0.003
0.021
0.006
0.007
0.008
0.001
0.003
0.004
0.007
0.001
0.011
0.014
0.008
0.010
0.013
-0.009
-0.000
-0.007
0.001
-0.007
-0.015
0.008
-0.001
0.014
-0.012
-0.013
0.001
-0.016
0.006
-0.003
0.004
0.004
-0.005
0.010
-0.006
0.010
0.001
0.008
0.016
-0.001
-0.002
0.005
-0.005
0.002
0.001
-0.001
0.014
0.006
-0.003
0.004
-0.012
-0.004
-0.012
-0.011
-0.003
-0.002
-0.002
-0.001
0.007
-0.008
-0.008
-0.007
-0.007
0.002
0.002
0.003
0.004
0.012
-0.012
0.020
-0.020
0.028
0.019
-0.014
0.026
0.001
-0.000
-0.033
0.063
-0.033
-0.000
0.048
0.001
-0.029
0.036
-0.027
0.006
-0.001
0.000
0.009
0.009
0.009
0.009
0.000
-0.001
-0.018
-0.003
-0.005
-0.006
-0.008
-0.002
-0.013
-0.007
-0.008
-0.018
0.004
-0.013
0.002
0.002
-0.014
-0.005
0.004
-0.011
-0.009
-0.007
-0.013
0.005
0.007
0.000
0.001
-0.006
0.002
0.002
0.002
0.001
-0.008
-0.009
-0.003
-0.012
0.034
-0.015
-0.009
0.006
-0.019
0.021
-0.035
0.004
-0.012
-0.009
-0.011
-0.008
-0.010
-0.005
-0.004
-0.008
-0.000
-0.012
-0.001
-0.010
0.003
-0.008
-0.002
-0.006
-0.001
-0.005
0.003
-0.008
0.011
-0.008
0.008
-0.004
-0.000
-0.006
0.000
-0.010
-0.004
-0.005
-0.006
-0.004
-0.007
-0.005
-0.008
-0.006
-0.008
-0.007
-0.016
-0.004
-0.016
0.000
-0.005
-0.002
-0.001
-0.012
0.002
-0.006
-0.011
-0.009
-0.013
-0.009
0.002
0.007
0.005
-0.010
0.009
0.007
0.008
-0.000
0.002
0.004
0.003
0.002
-0.010
-0.003
-0.004
0.000
-0.009
-0.014
-0.023
-0.019
-0.013
-0.033
-0.007
-0.008
-0.026
0.009
-0.019
-0.014
0.000
-0.008
-0.002
-0.002
-0.001
0.004
0.006
0.013
0.002
0.001
-0.005
-0.003
0.006
0.009
-0.003
-0.000
0.001
-0.016
0.011
-0.050
0.026
-0.016
0.004
0.022
-0.010
-0.024
-0.044
0.060
-0.058
-0.008
0.015
-0.018
-0.025
0.030
-0.038
-0.009
-0.015
-0.016
-0.001
0.006
-0.019
0.001
-0.004
-0.003
-0.000
0.002
-0.002
0.012
0.010
0.009
0.008
0.001
0.001
-0.001
-0.006
-0.001
-0.000
0.006
-0.005
-0.013
-0.015
-0.027
-0.019
-0.018
-0.016
-0.009
-0.006
0.008
-0.006
0.000
-0.000
-0.012
0.000
0.004
0.010
0.010
0.012
0.009
0.012
0.004
0.012
-0.000
0.008
-0.001
0.004
0.002
-0.003
0.013
-0.007
-0.011
-0.009
0.038
-0.013
-0.010
0.028
-0.039
0.032
-0.021
0.006
-0.009
0.003
0.006
0.021
-0.006
0.005
0.020
-0.010
0.015
-0.017
0.016
-0.001
0.022
0.000
0.026
-0.002
0.020
0.003
0.040
-0.021
0.066
-0.012
0.032
0.016
0.009
-0.015
0.025
-0.061
0.072
-0.029
0.072
-0.018
0.006
-0.004
-0.013
-0.035
-0.014
0.011
-0.005
-0.004
0.014
0.010
-0.011
-0.008
-0.000
-0.006
-0.001
-0.001
0.009
0.012
0.000
0.011
0.010
0.017
-0.016
0.006
-0.003
0.002
0.009
0.004
0.001
-0.008
-0.003
0.003
0.007
-0.003
0.004
-0.007
-0.001
-0.017
-0.003
-0.001
-0.007
-0.001
0.002
0.005
0.002
-0.003
0.003
0.003
0.000
0.004
0.004
0.013
0.016
0.007
0.004
0.006
0.008
0.018
0.004
0.005
0.003
0.007
-0.003
-0.002
-0.002
0.010
0.020
0.008
-0.007
-0.004
-0.008
-0.017
-0.026
0.014
0.016
0.001
-0.006
0.041
-0.056
-0.001
0.021
-0.031
0.003
0.038
0.008
0.035
-0.042
0.056
-0.031
0.018
-0.005
0.019
0.010
0.017
0.016
0.006
0.028
-0.013
0.016
-0.010
-0.004
-0.006
-0.000
-0.019
0.011
-0.007
0.008
-0.009
-0.010
-0.011
-0.010
-0.010
-0.009
-0.007
0.004
0.006
-0.030
0.021
-0.007
-0.027
0.016
0.020
-0.009
-0.037
0.053
-0.041
0.009
0.026
0.003
0.018
0.010
0.024
-0.002
-0.020
0.000
0.005
0.000
0.003
-0.002
0.009
-0.013
-0.011
-0.025
-0.032
-0.029
-0.027
-0.048
-0.045
-0.048
-0.036
-0.046
-0.047
-0.047
-0.054
-0.044
-0.049
-0.044
-0.047
-0.033
-0.018
-0.034
-0.010
-0.009
-0.008
0.009
0.018
0.035
0.019
0.034
0.041
0.038
0.051
0.063
0.059
0.069
0.071
0.080
0.073
0.081
0.080
0.095
0.077
0.082
0.071
0.058
0.078
0.056
0.050
0.051
0.044
0.045
0.038
0.030
0.007
0.001
0.002
-0.012
-0.018
-0.024
-0.029
-0.034
-0.039
-0.044
-0.049
-0.053
-0.058
-0.063
-0.075
-0.088
-0.084
-0.079
-0.098
-0.085
-0.095
-0.096
-0.079
-0.086
-0.084
-0.081
-0.084
-0.071
-0.065
-0.058
-0.050
-0.034
-0.033
-0.009
-0.016
-0.008
0.008
0.008
0.015
0.014
0.020
0.033
0.038
0.034
0.045
0.047
0.041
0.049
0.049
0.040
0.038
0.028
0.033
0.030
0.033
0.029
0.016
0.011
0.014
0.009
-0.004
-0.008
-0.005
-0.008
-0.020
-0.015
-0.017
-0.011
-0.012
-0.020
-0.020
-0.019
-0.018
-0.024
-0.022
-0.011
-0.016
-0.005
-0.002
0.001
-0.003
-0.008
0.011
0.005
0.007
0.009
0.010
0.011
0.004
0.020
0.011
-0.006
0.016
0.014
0.011
-0.008
-0.004
0.000
-0.004
-0.016
-0.020
-0.016
-0.012
-0.016
-0.011
-0.037
-0.030
-0.015
-0.039
0.002
-0.044
-0.002
-0.039
-0.019
-0.048
-0.005
-0.050
-0.023
-0.013
-0.011
-0.026
-0.026
-0.002
-0.026
-0.019
-0.020
-0.005
-0.014
-0.007
-0.008
-0.017
-0.017
-0.009
-0.025
-0.000
-0.015
-0.006
0.011
-0.003
-0.001
0.009
-0.029
0.029
-0.001
-0.023
0.028
0.022
0.008
-0.030
0.067
-0.012
0.029
0.014
0.039
-0.033
0.023
-0.025
0.078
-0.051
0.060
-0.038
0.040
-0.042
0.051
-0.064
0.020
-0.056
0.028
-0.064
0.004
-0.048
-0.003
-0.021
0.018
-0.022
-0.013
-0.027
-0.009
-0.021
-0.008
-0.019
0.002
-0.001
0.004
0.009
-0.003
0.017
0.004
0.006
0.007
-0.000
0.008
0.015
0.013
0.020
0.002
0.015
0.013
0.019
0.008
0.014
0.012
0.011
0.010
0.001
0.008
0.008
0.015
0.008
0.008
-0.008
0.001
0.009
-0.014
0.010
0.003
-0.013
0.020
-0.004
0.005
0.013
0.013
0.013
-0.002
0.006
-0.002
0.005
0.005
0.004
0.002
0.009
0.023
0.021
0.003
0.002
0.016
-0.001
-0.002
-0.003
-0.004
-0.005
-0.006
0.010
-0.007
0.000
-0.008
-0.017
0.007
-0.010
-0.010
-0.002
-0.001
0.008
0.009
0.011
-0.003
-0.001
0.009
0.003
0.005
0.007
0.009
0.010
0.011
0.012
0.012
0.012
0.011
0.011
0.002
-0.007
-0.000
0.007
-0.010
0.005
-0.004
-0.004
0.011
0.003
0.002
0.002
-0.006
0.002
0.002
0.002
0.002
0.010
0.002
0.018
0.002
0.002
0.009
0.001
0.001
-0.006
-0.006
0.002
0.002
-0.006
0.002
0.002
-0.005
0.003
0.003
-0.005
-0.005
-0.013
-0.005
-0.005
0.002
0.002
-0.006
-0.007
0.001
0.001
-0.008
-0.008
-0.001
-0.001
-0.010
-0.002
-0.003
0.005
0.005
-0.003
-0.003
-0.003
-0.004
-0.012
-0.012
-0.005
-0.014
-0.007
-0.007
-0.008
-0.017
-0.026
-0.011
-0.019
-0.019
-0.019
-0.018
-0.017
-0.023
-0.005
-0.011
-0.024
0.003
0.006
0.008
-0.006
0.004
0.013
0.014
0.007
0.007
0.015
0.022
0.022
0.029
0.005
0.013
0.029
0.006
0.047
0.001
0.043
0.005
0.023
-0.007
0.034
-0.012
0.012
0.020
0.020
0.003
0.001
0.022
-0.004
0.000
-0.003
0.010
-0.002
0.003
-0.000
-0.011
-0.013
-0.006
-0.024
-0.000
-0.017
-0.009
0.007
-0.008
-0.008
0.001
-0.039
0.018
-0.014
-0.038
0.010
0.002
-0.014
-0.054
0.042
-0.038
0.002
-0.013
0.012
-0.059
-0.001
-0.047
0.059
-0.066
0.049
-0.044
0.039
-0.039
0.060
-0.050
0.040
-0.031
0.058
-0.029
0.042
-0.006
0.041
0.024
0.063
0.022
0.029
0.012
0.028
0.012
0.020
0.004
0.020
0.013
0.013
0.013
-0.003
0.013
-0.003
-0.005
-0.006
-0.016
-0.009
-0.003
-0.005
0.000
-0.018
-0.003
-0.005
0.002
-0.007
0.001
0.001
0.001
0.002
-0.005
0.004
0.006
0.015
0.008
0.009
-0.006
0.002
0.010
-0.014
0.010
0.001
-0.015
0.016
-0.009
-0.002
0.004
-0.005
-0.006
-0.006
-0.007
-0.007
-0.008
0.000
-0.008
-0.007
-0.015
-0.007
0.001
0.001
-0.007
-0.007
0.001
-0.016
0.015
-0.041
0.030
-0.003
0.012
0.035
0.003
-0.013
-0.029
0.075
-0.037
0.003
0.027
-0.004
-0.012
0.044
-0.027
0.005
-0.002
-0.010
0.006
0.007
-0.017
-0.001
-0.009
-0.008
-0.008
-0.008
-0.016
0.000
0.000
0.001
0.001
0.002
0.002
0.003
0.004
0.005
0.015
0.024
0.016
0.017
0.009
0.001
0.009
0.008
0.008
0.007
0.006
0.013
0.003
0.002
0.001
-0.016
-0.009
-0.010
-0.011
-0.012
-0.012
-0.013
-0.013
-0.014
-0.006
-0.014
-0.007
-0.007
0.009
-0.015
-0.014
0.002
-0.014
0.003
-0.005
0.004
0.013
-0.003
0.014
-0.002
0.007
0.007
-0.009
-0.001
-0.001
0.007
0.007
0.015
-0.001
-0.001
-0.002
-0.011
-0.003
-0.020
-0.013
-0.014
-0.007
-0.008
-0.017
-0.010
-0.019
-0.012
-0.013
-0.014
-0.015
-0.016
-0.000
-0.017
-0.017
-0.018
0.030
-0.018
-0.018
-0.010
0.007
0.007
-0.008
-0.015
-0.006
0.003
-0.004
-0.011
-0.011
-0.011
0.004
-0.004
-0.013
-0.013
-0.022
-0.008
-0.014
-0.024
-0.026
-0.020
-0.030
-0.023
-0.033
-0.026
-0.018
-0.026
-0.026
-0.017
-0.015
0.002
-0.003
-0.001
-0.014
-0.003
0.001
-0.012
-0.001
0.002
0.005
0.024
0.018
0.012
0.014
-0.001
0.016
0.009
0.010
0.010
0.002
0.017
0.000
0.015
0.005
-0.013
0.008
-0.002
0.003
-0.016
-0.011
0.002
-0.009
-0.011
-0.013
-0.007
-0.000
-0.017
-0.001
-0.001
-0.016
-0.014
-0.005
-0.010
0.008
0.011
0.006
0.009
0.004
0.007
0.009
0.011
0.013
0.014
0.007
-0.000
0.008
0.015
-0.001
0.014
0.004
0.011
0.009
0.007
-0.003
-0.004
0.002
0.001
0.008
-0.000
-0.009
-0.001
-0.009
-0.009
-0.008
-0.008
-0.016
-0.008
0.001
-0.007
0.001
-0.006
-0.014
0.002
-0.005
0.003
-0.005
-0.013
0.011
-0.005
0.002
-0.006
0.001
0.008
0.008
0.007
-0.002
-0.002
0.005
-0.003
-0.003
-0.011
-0.011
-0.002
-0.002
-0.001
-0.008
0.001
-0.006
-0.013
-0.012
-0.012
-0.003
-0.002
-0.002
-0.009
-0.017
-0.009
-0.001
-0.001
-0.002
-0.011
-0.003
0.004
-0.005
-0.005
0.002
0.001
0.001
-0.000
-0.001
-0.001
-0.002
0.006
-0.003
-0.003
-0.011
-0.003
-0.035
0.030
-0.009
-0.040
0.009
0.018
0.052
-0.106
0.063
-0.103
0.058
-0.077
0.075
-0.077
0.051
-0.061
0.066
-0.071
0.024
-0.049
0.046
-0.026
0.021
-0.011
0.013
0.005
0.013
-0.003
-0.002
-0.010
-0.002
0.006
-0.002
0.005
-0.004
0.003
0.001
-0.008
-0.025
-0.010
-0.019
-0.020
-0.020
-0.011
-0.018
-0.009
-0.008
-0.006
-0.012
-0.019
-0.009
0.000
-0.007
0.002
-0.014
0.010
0.002
0.001
0.008
-0.001
0.006
0.005
-0.004
0.002
-0.007
0.008
-0.008
-0.001
-0.001
-0.009
0.007
-0.001
-0.009
-0.001
-0.017
-0.016
-0.016
-0.008
-0.008
-0.009
-0.001
-0.010
-0.002
-0.019
-0.019
-0.003
-0.020
-0.012
-0.004
-0.011
0.006
-0.009
0.000
0.001
-0.005
0.012
-0.011
0.037
-0.043
0.045
0.004
-0.006
0.024
-0.018
-0.021
-0.016
0.062
-0.068
0.018
0.009
-0.023
-0.039
0.018
-0.053
-0.003
-0.009
-0.014
0.004
-0.001
-0.014
-0.004
-0.009
0.000
0.009
0.002
0.018
0.010
0.017
0.008
-0.001
0.005
0.003
0.009
-0.000
-0.001
0.021
-0.003
0.005
-0.003
-0.003
-0.002
-0.009
0.001
-0.007
-0.005
0.004
-0.002
0.007
0.014
0.021
0.002
