-0.008
0.000
0.000
0.016
0.000
-0.008
-0.008
-0.008
-0.016
-0.008
-0.016
-0.008
-0.016
-0.008
-0.008
-0.024
-0.016
-0.016
-0.024
-0.008
-0.024
-0.016
-0.016
-0.024
-0.008
-0.008
-0.008
0.000
0.000
0.000
0.008
0.000
0.000
0.000
0.008
0.000
0.000
0.024
0.024
0.016
0.016
0.032
0.032
0.016
0.016
0.008
0.024
0.024
0.016
0.024
0.008
0.008
0.016
0.008
0.008
0.008
0.000
0.000
0.000
-0.008
0.000
-0.008
-0.008
-0.008
0.000
-0.008
-0.008
-0.008
-0.008
-0.008
-0.008
0.000
0.016
0.000
0.016
0.000
0.000
0.016
0.008
0.008
0.008
0.008
0.016
0.000
0.000
0.000
0.008
0.000
0.000
0.000
0.000
-0.008
0.000
-0.008
-0.016
0.000
-0.016
-0.008
0.000
-0.016
-0.008
-0.016
-0.008
-0.008
-0.016
-0.008
-0.008
0.000
0.000
-0.008
0.000
0.000
0.008
0.000
0.000
0.000
0.000
0.016
0.008
0.000
0.008
0.000
0.008
0.000
0.000
0.000
-0.008
0.000
-0.016
-0.008
-0.008
-0.008
0.000
-0.016
0.000
-0.016
-0.016
-0.008
-0.008
0.000
0.000
-0.008
0.000
0.008
0.000
0.008
0.000
0.000
0.000
0.000
0.000
0.000
0.008
0.008
0.000
0.000
0.000
-0.008
0.000
0.000
-0.008
-0.016
-0.008
-0.016
-0.008
-0.016
-0.008
0.000
-0.016
0.000
-0.024
-0.024
-0.008
-0.016
-0.008
-0.024
-0.008
0.008
0.000
-0.008
0.000
-0.008
0.000
0.008
-0.008
-0.016
-0.008
0.000
-0.008
-0.008
0.008
-0.024
0.040
-0.072
0.008
-0.080
0.040
-0.096
0.032
-0.088
0.016
-0.080
0.040
-0.088
0.008
-0.056
0.000
-0.056
0.000
-0.056
0.008
-0.072
0.040
-0.008
-0.016
0.000
0.032
0.024
-0.056
0.048
-0.008
-0.008
0.048
0.016
0.008
0.024
0.008
0.032
0.000
0.032
-0.008
0.008
0.000
0.000
0.008
0.000
-0.008
0.000
0.000
0.000
-0.008
-0.016
-0.016
-0.008
-0.024
-0.024
-0.016
-0.016
-0.008
-0.024
-0.016
-0.024
-0.024
-0.024
-0.024
-0.032
-0.032
0.000
-0.024
-0.024
-0.016
-0.032
-0.016
-0.024
-0.016
-0.040
-0.040
-0.024
-0.040
-0.032
-0.032
-0.024
-0.016
-0.032
-0.024
-0.032
-0.032
-0.032
-0.024
-0.024
-0.024
-0.008
-0.008
-0.016
0.000
-0.008
-0.008
0.000
0.000
-0.008
0.000
0.000
0.016
0.016
0.032
0.032
0.024
0.032
0.040
0.048
0.056
0.064
0.072
0.080
0.080
0.072
0.104
0.072
0.128
0.080
0.104
0.120
0.096
0.104
0.104
0.080
0.024
0.120
0.064
0.024
0.096
0.024
0.000
0.048
-0.032
-0.024
-0.032
-0.064
-0.072
-0.088
-0.128
-0.120
-0.168
-0.176
-0.192
-0.216
-0.232
-0.240
-0.240
-0.232
-0.248
-0.256
-0.240
-0.240
-0.216
-0.208
-0.192
-0.160
-0.144
-0.120
-0.088
-0.080
-0.032
-0.016
0.008
0.032
0.056
0.096
0.112
0.152
0.160
0.192
0.208
0.224
0.240
0.256
0.272
0.280
0.296
0.288
0.280
0.280
0.272
0.256
0.248
0.224
0.200
0.184
0.144
0.120
0.104
0.072
0.072
0.032
0.008
-0.008
-0.048
-0.080
-0.040
-0.136
-0.048
-0.224
-0.024
-0.216
-0.112
-0.192
-0.136
-0.224
-0.144
-0.208
-0.160
-0.168
-0.144
-0.176
-0.128
-0.112
-0.128
-0.064
-0.088
-0.048
-0.048
-0.040
-0.016
-0.008
0.008
0.024
0.016
0.064
0.048
0.072
0.056
0.088
0.072
0.080
0.072
0.064
0.072
0.088
0.064
0.072
0.040
0.048
0.024
0.008
0.008
0.000
-0.008
-0.008
-0.024
-0.024
-0.032
-0.048
-0.040
-0.048
-0.048
-0.056
-0.072
-0.064
-0.056
-0.048
-0.048
-0.024
-0.016
-0.008
0.000
-0.008
0.024
0.016
0.016
0.032
0.032
0.048
0.072
0.072
0.080
0.080
0.080
0.080
0.072
0.072
0.088
0.072
0.088
0.072
0.072
0.064
0.056
0.048
0.024
0.040
0.016
0.008
0.016
0.000
-0.008
-0.032
-0.032
-0.024
-0.032
-0.032
-0.048
-0.048
-0.040
-0.048
-0.056
-0.056
-0.056
-0.048
-0.048
-0.056
-0.048
-0.048
-0.040
-0.040
-0.040
-0.048
-0.040
-0.040
-0.024
-0.024
-0.016
-0.016
-0.008
0.000
0.016
0.000
0.008
0.008
0.016
0.032
0.016
0.024
0.048
0.048
0.040
0.032
0.032
0.040
0.040
0.032
0.032
0.032
0.048
0.040
0.024
0.024
0.016
0.016
0.016
0.000
0.008
0.008
0.000
0.000
0.000
0.000
-0.008
0.000
-0.008
0.000
-0.016
-0.008
0.000
0.000
-0.008
0.000
-0.008
0.008
0.008
0.008
0.000
0.000
0.008
0.008
0.008
0.016
0.016
0.024
0.032
0.016
0.016
0.000
0.024
0.000
0.008
0.000
0.000
0.000
0.000
0.000
-0.008
-0.016
-0.008
-0.008
-0.016
-0.024
-0.024
-0.016
-0.024
-0.024
-0.016
-0.024
-0.008
0.000
-0.016
-0.016
-0.008
0.000
0.000
-0.008
-0.008
0.000
0.008
0.008
0.000
0.008
-0.008
0.008
0.000
0.000
0.008
0.000
0.000
0.000
0.000
0.000
0.000
0.008
0.000
0.000
-0.008
-0.008
0.000
-0.008
0.000
-0.008
0.000
0.000
0.008
0.008
0.000
0.000
0.000
0.008
0.000
-0.008
0.008
0.008
0.008
0.000
0.000
0.000
0.000
-0.008
0.000
-0.008
-0.008
0.008
0.000
0.000
0.000
0.000
0.000
-0.008
0.000
-0.008
-0.008
0.000
0.000
0.000
-0.008
0.000
0.016
0.008
0.008
0.000
-0.008
0.016
0.000
0.000
0.000
-0.008
0.016
0.000
0.000
-0.016
-0.024
-0.008
-0.024
-0.032
-0.024
-0.048
-0.008
-0.096
-0.024
-0.104
-0.064
-0.048
-0.016
-0.064
-0.072
-0.040
-0.056
-0.064
-0.024
-0.072
-0.008
-0.040
-0.008
-0.040
-0.008
-0.048
0.016
-0.024
0.016
-0.008
0.016
0.000
0.072
0.008
-0.008
0.048
0.072
0.000
0.008
0.080
0.000
0.048
0.064
0.048
0.040
0.024
0.048
0.024
0.024
0.016
0.016
0.032
0.016
0.032
0.008
0.008
0.016
0.000
0.000
0.000
0.000
0.000
0.016
0.008
-0.008
0.000
0.008
0.000
-0.008
-0.024
-0.024
-0.024
-0.024
-0.032
-0.024
-0.032
-0.024
-0.032
-0.040
-0.040
-0.048
-0.056
-0.056
-0.056
-0.056
-0.056
-0.056
-0.056
-0.064
-0.064
-0.056
-0.040
-0.048
-0.040
-0.048
-0.040
-0.024
-0.024
-0.032
-0.016
-0.008
-0.016
0.000
0.000
-0.008
0.000
-0.016
0.000
0.008
0.000
0.016
0.008
0.024
0.024
0.016
0.016
0.024
0.024
0.024
0.040
0.016
0.024
0.032
0.032
0.040
0.024
0.048
0.024
0.056
-0.008
0.056
0.032
0.040
0.064
0.016
0.008
0.016
0.096
-0.032
0.048
0.016
-0.008
0.000
0.024
-0.032
0.000
0.000
-0.024
0.000
-0.024
-0.040
-0.024
-0.040
-0.040
-0.040
-0.048
-0.040
-0.048
-0.024
-0.040
-0.040
-0.024
-0.040
-0.024
-0.032
-0.032
-0.008
-0.024
-0.008
-0.008
0.000
0.000
0.000
0.008
0.000
0.008
0.000
0.000
0.008
0.000
0.000
0.032
0.008
0.024
0.008
0.008
0.016
0.000
0.016
0.008
0.000
0.024
0.016
0.016
0.000
0.008
0.016
0.000
0.000
0.000
0.016
0.000
0.032
-0.008
0.040
-0.008
0.072
-0.072
0.104
-0.064
0.056
-0.016
0.032
-0.032
0.040
-0.032
0.032
-0.008
0.008
-0.008
-0.008
0.000
-0.016
0.000
-0.016
-0.008
0.000
0.000
0.000
0.000
-0.008
0.000
-0.016
0.016
-0.016
0.016
0.008
0.008
0.008
0.016
0.008
0.032
0.016
0.016
0.008
0.000
0.000
0.000
-0.008
0.000
0.008
0.000
0.000
0.000
0.000
0.000
-0.008
-0.008
-0.008
-0.024
-0.008
0.000
0.000
0.000
-0.016
-0.008
-0.008
-0.008
0.000
-0.008
-0.008
0.000
0.008
-0.008
0.008
0.000
0.000
0.024
0.000
0.000
0.000
0.016
0.008
0.000
0.008
0.016
0.008
0.008
0.016
0.016
0.000
0.008
0.000
0.016
0.000
0.008
0.016
0.008
0.016
0.000
0.008
0.008
0.008
0.008
0.008
0.008
0.016
0.024
-0.016
-0.016
-0.016
-0.008
-0.016
-0.008
-0.008
-0.008
0.000
0.000
0.000
-0.008
-0.008
0.000
-0.008
-0.008
-0.008
0.000
0.000
0.000
0.000
0.008
0.000
0.000
0.000
-0.008
-0.008
-0.008
-0.008
-0.016
-0.008
-0.008
-0.016
0.000
-0.008
-0.008
-0.008
-0.016
-0.016
-0.016
-0.008
-0.016
-0.008
0.000
0.000
-0.008
-0.008
0.008
0.000
-0.016
0.032
-0.048
0.040
-0.008
0.008
0.024
-0.008
-0.008
-0.024
0.064
-0.056
0.032
0.016
-0.008
-0.008
0.024
-0.008
0.000
0.000
-0.008
0.000
-0.008
-0.016
-0.008
-0.008
-0.008
-0.016
0.000
0.000
0.000
-0.008
0.016
-0.016
-0.008
0.016
0.000
0.008
0.008
-0.008
0.008
0.000
0.000
0.008
0.000
-0.008
0.008
0.000
-0.008
0.000
-0.016
-0.016
0.000
-0.016
0.000
-0.008
-0.016
0.000
-0.008
0.000
-0.008
-0.016
0.008
0.000
0.008
0.000
0.000
0.000
0.000
0.000
0.000
0.000
0.016
0.008
0.016
0.008
0.000
0.016
-0.008
0.000
-0.008
-0.008
0.016
0.000
0.000
0.000
0.000
0.000
-0.008
0.000
0.000
-0.008
0.000
-0.016
-0.008
-0.008
-0.008
0.000
0.016
0.000
-0.008
0.000
0.000
-0.024
0.008
-0.008
0.032
0.000
0.064
-0.072
0.104
-0.072
0.056
-0.048
0.040
-0.040
0.040
-0.032
0.016
0.000
0.008
-0.024
0.016
-0.008
-0.008
-0.008
-0.008
-0.008
0.000
-0.008
-0.008
-0.008
0.008
0.008
0.008
0.000
0.000
0.008
0.000
0.016
-0.008
0.016
0.016
0.024
0.000
0.008
0.000
0.000
-0.008
0.016
0.000
0.008
0.008
0.008
0.000
0.000
-0.008
-0.008
0.008
0.000
0.000
-0.008
-0.008
0.000
-0.008
0.000
-0.008
0.000
0.016
0.000
0.000
0.000
0.016
0.000
0.008
0.008
0.008
0.024
0.024
0.016
0.016
0.000
0.008
0.000
0.008
0.008
0.000
0.000
0.008
0.008
0.000
0.000
0.000
0.000
0.000
-0.008
-0.008
0.000
-0.008
0.000
-0.008
-0.008
0.000
0.008
0.000
0.000
-0.008
0.016
0.000
0.008
0.000
0.008
0.032
0.016
0.016
0.008
0.000
0.008
0.000
0.008
0.000
0.000
0.016
0.008
0.000
0.000
0.000
-0.008
0.000
0.000
0.000
0.000
0.000
-0.008
0.008
0.000
0.000
-0.008
0.008
0.000
0.000
0.000
-0.008
0.000
0.000
0.000
0.000
0.008
0.016
0.008
0.000
0.000
-0.008
0.000
0.008
0.000
0.000
-0.008
-0.008
-0.008
-0.008
0.000
0.000
-0.008
-0.008
-0.008
0.000
-0.008
-0.008
0.000
-0.008
0.000
-0.008
0.000
0.008
0.000
0.000
0.008
0.008
0.024
0.016
0.016
0.000
0.008
0.008
-0.008
0.000
0.000
0.000
0.016
0.008
0.000
0.000
-0.016
0.000
-0.008
-0.008
-0.008
-0.016
0.000
-0.016
0.000
-0.008
-0.024
0.000
-0.008
0.000
-0.016
-0.008
0.008
0.000
0.000
0.000
0.008
0.016
0.000
0.016
0.016
0.000
0.000
0.008
0.000
0.016
0.016
0.008
0.008
0.000
0.000
0.000
0.000
0.000
0.000
-0.008
-0.016
-0.008
0.000
-0.016
0.000
-0.008
0.000
0.000
0.000
-0.008
-0.008
0.000
0.000
0.008
0.000
-0.008
0.000
-0.008
-0.008
-0.008
-0.008
-0.016
-0.008
0.000
-0.008
0.000
-0.008
-0.016
0.000
-0.008
0.000
-0.008
-0.016
0.008
-0.008
0.000
-0.008
0.000
0.008
0.008
0.008
0.000
0.000
0.008
0.000
0.000
-0.008
-0.008
0.000
0.000
0.000
-0.008
0.000
-0.008
-0.016
-0.016
-0.016
-0.008
-0.008
-0.008
-0.016
-0.024
-0.016
-0.008
-0.008
-0.008
-0.016
-0.008
0.000
-0.008
-0.008
0.000
0.000
0.000
0.000
0.000
0.000
0.000
0.008
0.000
0.000
-0.008
0.000
-0.032
0.032
-0.008
-0.040
0.008
0.016
0.048
-0.112
0.056
-0.112
0.048
-0.088
0.064
-0.088
0.040
-0.072
0.056
-0.080
0.016
-0.056
0.040
-0.032
0.016
-0.016
0.008
0.000
0.008
-0.008
-0.008
-0.016
-0.008
0.000
-0.008
0.000
-0.008
0.000
0.000
-0.008
-0.024
-0.008
-0.016
-0.016
-0.016
-0.008
-0.016
-0.008
-0.008
-0.008
-0.016
-0.024
-0.016
-0.008
-0.016
-0.008
-0.024
0.000
-0.008
-0.008
0.000
-0.008
0.000
0.000
-0.008
0.000
-0.008
0.008
-0.008
0.000
0.000
-0.008
0.008
0.000
-0.008
0.000
-0.016
-0.016
-0.016
-0.008
-0.008
-0.008
0.000
-0.008
0.000
-0.016
-0.016
0.000
-0.016
-0.008
0.000
-0.008
0.008
-0.008
0.000
0.000
-0.008
0.008
-0.016
0.032
-0.048
0.040
0.000
-0.008
0.024
-0.016
-0.016
-0.008
0.072
-0.056
0.032
0.024
-0.008
-0.024
0.032
-0.040
0.008
0.000
-0.008
0.008
0.000
-0.016
-0.008
-0.016
-0.008
0.000
-0.008
0.008
0.000
0.008
0.000
-0.008
0.000
0.000
0.008
0.000
0.000
0.024
0.000
0.008
0.000
0.000
0.000
-0.008
0.000
-0.008
-0.008
0.000
-0.008
0.000
0.000
0.000
-0.008
0.000
0.000
-0.016
-0.008
-0.016
-0.008
-0.008
-0.008
-0.008
0.000
0.016
0.016
0.000
0.000
0.016
0.000
0.000
0.000
0.000
0.000
0.000
0.016
0.000
0.008
0.000
-0.008
0.016
0.000
0.000
0.008
0.008
0.016
0.016
0.016
0.000
0.000
0.008
0.000
0.000
0.000
0.000
0.000
0.000
0.000
0.000
0.000
0.000
0.000
-0.008
-0.016
-0.008
0.000
-0.016
0.000
-0.008
-0.008
0.008
0.000
0.000
0.000
-0.008
0.000
0.000
0.000
0.000
0.008
0.000
0.016
0.000
0.000
0.008
0.000
0.000
-0.008
-0.008
0.000
0.000
-0.008
0.000
0.000
-0.008
0.000
0.000
-0.008
-0.008
-0.016
-0.008
-0.008
0.000
0.000
-0.008
-0.008
0.000
0.000
-0.008
-0.008
0.000
0.000
-0.008
0.000
0.000
0.008
0.008
0.000
0.000
0.000
0.000
-0.008
-0.008
0.000
-0.008
0.000
0.000
0.000
-0.008
-0.016
0.000
-0.008
-0.008
-0.008
-0.008
-0.008
-0.016
0.000
-0.008
-0.024
0.000
0.000
0.000
-0.016
-0.008
0.000
0.000
-0.008
-0.008
0.000
0.008
0.008
0.016
-0.008
0.000
0.016
-0.008
0.032
-0.016
0.024
-0.016
0.000
-0.032
0.008
-0.040
-0.016
-0.008
-0.008
-0.024
-0.024
0.000
-0.024
-0.016
-0.016
0.000
-0.008
0.000
0.000
-0.008
-0.008
0.000
-0.016
0.008
-0.008
0.000
0.016
0.000
0.000
0.008
-0.032
0.024
-0.008
-0.032
0.016
0.008
-0.008
-0.048
0.048
-0.032
0.008
-0.008
0.016
-0.056
0.000
-0.048
0.056
-0.072
0.040
-0.056
0.024
-0.056
0.040
-0.072
0.016
-0.056
0.032
-0.056
0.016
-0.032
0.016
0.000
0.040
0.000
0.008
-0.008
0.008
-0.008
0.000
-0.016
0.000
-0.008
-0.008
-0.008
-0.024
-0.008
-0.024
-0.024
-0.024
-0.032
-0.024
-0.016
-0.016
-0.008
-0.024
-0.008
-0.008
0.000
-0.008
0.000
0.000
0.000
0.000
-0.008
0.000
0.000
0.008
0.000
0.000
-0.016
-0.008
0.000
-0.024
0.000
-0.008
-0.024
0.008
-0.016
-0.008
0.000
-0.008
-0.008
-0.008
-0.008
-0.008
-0.008
0.000
-0.008
-0.008
-0.016
-0.008
0.000
0.000
-0.008
-0.008
0.000
-0.016
0.016
-0.040
0.032
0.000
0.016
0.040
0.008
-0.008
-0.024
0.080
-0.032
0.008
0.032
0.000
-0.008
0.048
-0.024
0.008
0.000
-0.008
0.008
0.008
-0.016
0.000
-0.008
-0.008
-0.008
-0.008
-0.016
0.000
0.000
0.000
0.000
0.000
0.000
0.000
0.000
0.000
0.008
0.016
0.008
0.008
0.000
-0.008
0.000
0.000
0.000
0.000
0.000
0.008
0.000
0.000
0.000
-0.016
-0.008
-0.008
-0.008
-0.008
-0.008
-0.008
-0.008
-0.008
0.000
-0.008
0.000
0.000
0.016
-0.008
-0.008
0.008
-0.008
0.008
0.000
0.008
0.016
0.000
0.016
0.000
0.008
0.008
-0.008
0.000
0.000
0.008
0.008
0.016
0.000
0.000
0.000
-0.008
0.000
-0.016
-0.008
-0.008
0.000
0.000
-0.008
0.000
-0.008
0.000
0.000
0.000
0.000
0.000
0.016
0.000
0.000
0.000
0.048
0.000
0.000
0.008
0.024
0.024
0.008
0.000
0.008
0.016
0.008
0.000
0.000
0.000
0.016
0.008
0.000
0.000
-0.008
0.008
-0.008
-0.008
-0.008
-0.008
0.000
0.000
0.000
-0.008
0.000
0.000
0.000
0.008
-0.008
0.000
0.008
0.000
0.008
0.016
0.008
0.024
0.016
0.016
0.016
0.016
0.016
0.016
0.016
0.016
0.024
0.016
0.016
0.008
0.000
0.000
0.000
-0.016
-0.008
-0.032
-0.032
-0.032
-0.056
-0.048
-0.048
-0.056
-0.048
-0.056
-0.056
-0.064
-0.072
-0.080
-0.056
-0.064
-0.056
-0.056
-0.040
-0.024
-0.032
-0.032
-0.008
-0.008
-0.008
0.016
0.000
0.000
0.032
0.024
0.040
0.048
0.048
0.072
0.064
0.072
0.072
0.080
0.088
0.088
0.096
0.080
0.088
0.096
0.064
0.080
0.072
0.072
0.064
0.072
0.064
0.048
0.024
0.016
0.040
0.104
0.008
0.016
0.000
0.008
-0.048
0.016
0.000
-0.040
-0.016
-0.024
-0.064
-0.088
-0.048
-0.088
-0.080
-0.080
-0.080
-0.088
-0.088
-0.072
-0.080
-0.080
-0.080
-0.064
-0.048
-0.056
-0.056
-0.032
-0.048
-0.040
-0.032
-0.016
0.000
0.000
0.008
0.008
0.008
0.016
0.016
0.016
0.016
0.032
0.040
0.040
0.032
0.024
0.032
0.032
0.016
0.008
0.024
0.008
0.016
0.016
0.000
0.000
-0.008
0.000
0.000
0.000
-0.016
-0.016
-0.024
-0.024
-0.008
-0.024
-0.016
-0.008
0.000
-0.016
-0.008
-0.008
-0.008
-0.008
0.000
0.000
0.000
0.016
0.032
0.008
0.008
0.016
0.008
0.000
0.040
-0.008
0.056
-0.032
0.040
-0.024
0.072
-0.056
0.056
-0.040
0.024
-0.040
0.016
-0.048
0.016
-0.040
0.024
-0.056
0.016
-0.032
-0.008
-0.048
-0.016
-0.032
-0.008
-0.032
-0.024
-0.016
-0.008
-0.008
-0.008
-0.032
-0.032
-0.016
-0.064
0.000
-0.008
-0.048
-0.024
0.000
-0.008
-0.064
-0.008
0.000
-0.064
-0.008
-0.008
-0.032
0.000
-0.024
-0.008
-0.008
-0.008
-0.016
0.000
0.000
0.000
-0.008
0.008
0.008
0.008
0.008
0.000
0.024
0.008
0.008
0.008
0.000
0.000
0.000
0.000
-0.008
0.000
0.000
-0.008
-0.008
-0.008
-0.032
-0.024
-0.032
-0.024
-0.032
-0.040
-0.016
-0.024
-0.008
-0.032
-0.032
-0.016
-0.032
-0.008
-0.016
-0.008
-0.008
-0.016
0.000
-0.016
0.000
-0.008
0.000
0.008
-0.008
-0.008
0.000
-0.008
0.000
0.000
0.000
0.016
0.008
0.000
0.008
-0.008
0.000
-0.008
-0.008
0.000
0.000
0.000
0.000
0.008
-0.008
-0.008
-0.008
-0.008
0.000
0.000
0.000
0.000
0.008
-0.016
0.016
-0.024
0.024
0.016
-0.016
0.024
0.000
0.000
-0.032
0.064
-0.032
0.000
0.048
0.000
-0.032
0.032
-0.032
0.000
-0.008
-0.008
0.000
0.000
0.000
0.000
-0.008
-0.008
-0.024
-0.008
-0.008
-0.008
-0.008
0.000
-0.008
0.000
0.000
-0.008
0.016
0.000
0.016
0.016
0.000
0.008
0.016
0.000
0.000
0.000
-0.008
0.008
0.008
0.000
0.000
-0.008
0.000
0.000
0.000
0.000
-0.008
-0.008
0.000
-0.008
0.040
-0.008
0.000
0.016
-0.008
0.032
-0.024
0.016
0.000
0.002
0.000
0.002
0.000
0.005
0.005
0.000
0.007
-0.005
0.005
-0.005
0.007
-0.005
0.000
-0.005
0.000
-0.005
0.002
-0.010
0.010
-0.010
0.007
-0.005
0.000
-0.005
0.002
-0.007
0.000
0.000
0.000
0.002
0.000
0.002
0.000
0.002
0.000
0.000
-0.010
0.000
-0.014
0.000
-0.008
-0.008
-0.010
-0.024
-0.013
-0.024
-0.031
-0.031
-0.037
-0.034
-0.023
-0.018
-0.020
-0.034
-0.013
-0.013
-0.010
-0.015
-0.010
-0.005
-0.002
0.000
-0.008
0.002
0.005
0.013
0.007
0.005
-0.002
0.004
0.012
-0.007
0.019
0.018
0.000
0.034
0.006
0.009
0.022
0.011
0.016
0.014
0.014
0.016
0.016
0.022
0.009
0.006
-0.002
-0.001
0.007
0.010
-0.003
-0.001
0.000
-0.016
0.011
-0.050
0.027
-0.014
0.006
0.026
-0.006
-0.020
-0.041
0.063
-0.056
-0.006
0.015
-0.019
-0.027
0.026
-0.043
-0.016
-0.024
-0.027
-0.014
-0.009
-0.035
-0.017
-0.022
-0.022
-0.020
-0.018
-0.021
-0.005
-0.005
-0.002
0.000
-0.002
0.002
0.005
0.005
0.014
0.020
0.030
0.022
0.018
0.017
0.006
0.014
0.014
0.014
0.019
0.019
0.030
0.012
0.014
0.010
-0.006
0.002
0.002
0.004
0.002
0.002
-0.003
0.000
-0.008
0.000
-0.010
0.000
-0.007
0.000
0.000
-0.002
0.016
-0.002
-0.005
-0.002
0.046
-0.005
-0.002
0.035
-0.032
0.038
-0.016
0.010
-0.006
0.005
0.007
0.021
-0.008
0.002
0.016
-0.016
0.008
-0.026
0.005
-0.014
0.008
-0.016
0.008
-0.021
0.000
-0.018
0.019
-0.042
0.046
-0.032
0.014
0.000
-0.005
-0.026
0.016
-0.066
0.070
-0.029
0.075
-0.013
0.014
0.006
-0.002
-0.024
-0.002
0.022
0.006
0.006
0.022
0.016
-0.008
-0.007
-0.002
-0.010
-0.008
-0.010
-0.002
0.000
-0.013
-0.002
-0.002
0.006
-0.026
-0.002
-0.008
0.000
0.010
0.008
0.008
0.002
0.010
0.018
0.024
0.016
0.023
0.013
0.018
0.002
0.015
0.015
0.007
0.010
0.010
0.010
0.005
-0.003
0.000
-0.003
-0.008
-0.006
-0.008
0.000
0.002
-0.007
-0.010
-0.007
-0.005
0.006
-0.007
-0.005
-0.005
0.001
-0.007
-0.004
-0.002
0.012
0.025
0.014
0.001
0.006
0.003
-0.005
-0.013
0.027
0.030
0.014
0.006
0.051
-0.048
0.004
0.024
-0.031
0.000
0.032
0.000
0.024
-0.056
0.040
-0.048
0.000
-0.024
0.000
-0.008
0.000
0.000
-0.008
0.016
-0.024
0.008
-0.016
-0.008
-0.008
0.000
-0.016
0.016
0.000
0.016
0.000
0.000
0.000
0.000
0.000
0.000
0.000
0.008
0.008
-0.032
0.016
-0.016
-0.040
0.000
0.000
-0.032
-0.064
0.024
-0.072
-0.024
-0.008
-0.032
-0.016
-0.024
-0.008
-0.032
-0.048
-0.024
-0.016
-0.016
-0.008
-0.008
0.008
-0.008
0.000
-0.008
-0.008
0.000
0.008
-0.008
0.000
0.000
0.016
0.008
0.008
0.008
0.000
0.008
0.000
0.000
-0.008
0.000
0.008
-0.016
0.000
-0.008
-0.016
-0.008
-0.008
0.000
-0.024
-0.016
-0.016
-0.024
-0.016
-0.008
-0.016
-0.008
-0.008
0.000
-0.008
0.000
0.000
0.016
0.000
0.008
0.000
-0.008
0.016
0.000
0.000
0.008
0.008
0.016
0.016
0.016
0.000
0.000
0.008
0.000
0.000
0.000
0.000
0.000
0.000
0.000
0.000
0.000
0.000
0.000
-0.008
-0.016
-0.008
0.000
-0.016
0.000
-0.008
-0.008
0.008
0.000
0.000
0.000
-0.008
0.000
0.000
0.000
0.000
0.008
0.000
0.016
0.000
0.000
0.008
0.000
0.000
-0.008
-0.008
0.000
0.000
-0.008
0.000
0.000
-0.008
0.000
0.000
-0.008
-0.008
-0.016
-0.008
-0.008
0.000
0.000
-0.008
-0.008
0.000
0.000
-0.008
-0.008
0.000
0.000
-0.008
0.000
0.000
0.008
0.008
0.000
0.000
0.000
0.000
-0.008
-0.008
0.000
-0.008
0.000
0.000
0.000
-0.008
-0.016
0.000
-0.008
-0.008
-0.008
-0.008
-0.008
-0.016
0.000
-0.008
-0.024
0.000
0.000
0.000
-0.016
-0.008
0.000
0.000
-0.008
-0.008
0.000
0.008
0.008
0.016
-0.008
0.000
0.016
-0.008
0.032
-0.016
0.024
-0.016
0.000
-0.032
0.008
-0.040
-0.016
-0.008
-0.008
-0.024
-0.024
0.000
-0.024
-0.016
-0.016
0.000
-0.008
0.000
0.000
-0.008
-0.008
0.000
-0.016
0.008
-0.008
0.000
0.016
0.000
0.000
0.008
-0.032
0.024
-0.008
-0.032
0.016
0.008
-0.008
-0.048
0.048
-0.032
0.008
-0.008
0.016
-0.056
0.000
-0.048
0.056
-0.072
0.040
-0.056
0.024
-0.056
0.040
-0.072
0.016
-0.056
0.032
-0.056
0.016
-0.032
0.016
0.000
0.040
0.000
0.008
-0.008
0.008
-0.008
0.000
-0.016
0.000
-0.008
-0.008
-0.008
-0.024
-0.008
-0.024
-0.024
-0.024
-0.032
-0.024
-0.016
-0.016
-0.008
-0.024
-0.008
-0.008
0.000
-0.008
0.000
0.000
0.000
0.000
-0.008
0.000
0.000
0.008
0.000
0.000
-0.016
-0.008
0.000
-0.024
0.000
-0.008
-0.024
0.008
-0.016
-0.008
0.000
