-0.013
-0.003
-0.002
0.012
0.001
-0.003
-0.003
-0.002
-0.007
-0.001
-0.007
-0.002
-0.008
-0.003
-0.004
-0.017
-0.013
-0.014
-0.021
-0.012
-0.025
-0.021
-0.023
-0.030
-0.021
-0.022
-0.023
-0.018
-0.019
-0.020
-0.015
-0.021
-0.021
-0.021
-0.016
-0.021
-0.020
-0.003
-0.002
-0.006
-0.004
0.009
0.011
0.002
0.004
0.001
0.014
0.016
0.013
0.020
0.011
0.012
0.019
0.015
0.015
0.016
0.010
0.010
0.010
0.004
0.009
0.002
0.001
-0.000
0.004
-0.003
-0.005
-0.007
-0.008
-0.009
-0.010
-0.005
0.006
-0.005
0.006
-0.004
-0.003
0.009
0.005
0.006
0.007
0.009
0.016
0.006
0.007
0.008
0.014
0.009
0.010
0.010
0.010
0.005
0.010
0.004
-0.002
0.009
-0.003
0.001
0.006
-0.006
-0.002
-0.009
-0.004
-0.005
-0.012
-0.008
-0.008
-0.004
-0.004
-0.010
-0.005
-0.005
0.001
-0.004
-0.003
-0.002
-0.001
0.011
0.007
0.003
0.009
0.005
0.012
0.007
0.008
0.008
0.003
0.008
-0.003
0.002
0.001
0.000
0.005
-0.007
0.003
-0.010
-0.011
-0.006
-0.007
-0.002
-0.002
-0.008
-0.002
0.003
-0.002
0.005
-0.000
0.001
0.001
0.003
0.004
0.005
0.011
0.012
0.008
0.009
0.009
0.004
0.011
0.011
0.006
0.000
0.005
-0.000
0.005
-0.002
0.003
0.008
-0.004
0.006
-0.012
-0.013
-0.003
-0.009
-0.004
-0.016
-0.005
0.006
0.000
-0.005
0.001
-0.004
0.003
0.010
0.000
-0.004
0.003
0.010
0.006
0.008
0.020
-0.002
0.044
-0.034
0.021
-0.041
0.042
-0.054
0.033
-0.053
0.018
-0.052
0.030
-0.063
0.001
-0.046
-0.010
-0.052
-0.015
-0.057
-0.014
-0.072
0.005
-0.029
-0.035
-0.024
-0.001
-0.006
-0.061
0.014
-0.024
-0.022
0.020
0.000
-0.003
0.011
0.002
0.022
0.002
0.026
0.001
0.014
0.010
0.011
0.018
0.013
0.008
0.014
0.015
0.015
0.009
0.004
0.003
0.009
-0.003
-0.004
0.001
0.000
0.005
-0.007
-0.003
-0.009
-0.010
-0.011
-0.012
-0.018
-0.019
0.003
-0.014
-0.014
-0.009
-0.021
-0.010
-0.016
-0.011
-0.029
-0.030
-0.020
-0.033
-0.029
-0.031
-0.027
-0.024
-0.037
-0.034
-0.041
-0.044
-0.046
-0.042
-0.044
-0.046
-0.036
-0.038
-0.045
-0.036
-0.043
-0.045
-0.041
-0.043
-0.050
-0.046
-0.048
-0.039
-0.040
-0.031
-0.032
-0.039
-0.034
-0.029
-0.023
-0.016
-0.008
-0.000
0.009
0.013
0.013
0.041
0.025
0.072
0.047
0.073
0.093
0.087
0.102
0.113
0.107
0.078
0.156
0.128
0.110
0.171
0.130
0.123
0.165
0.117
0.129
0.129
0.111
0.108
0.097
0.067
0.069
0.029
0.015
-0.008
-0.038
-0.066
-0.090
-0.110
-0.126
-0.160
-0.189
-0.203
-0.227
-0.234
-0.252
-0.264
-0.263
-0.271
-0.272
-0.265
-0.274
-0.252
-0.249
-0.240
-0.227
-0.212
-0.184
-0.170
-0.137
-0.123
-0.090
-0.066
-0.040
-0.011
0.020
0.052
0.081
0.117
0.137
0.158
0.184
0.204
0.219
0.238
0.244
0.249
0.257
0.246
0.244
0.245
0.232
0.240
0.217
0.203
0.192
0.163
0.137
0.159
0.085
0.138
0.005
0.133
-0.014
0.045
-0.026
-0.003
-0.081
-0.042
-0.104
-0.088
-0.110
-0.110
-0.148
-0.129
-0.131
-0.154
-0.120
-0.145
-0.124
-0.130
-0.128
-0.113
-0.108
-0.096
-0.082
-0.084
-0.046
-0.051
-0.027
-0.030
0.001
-0.000
0.015
0.020
0.024
0.040
0.060
0.053
0.067
0.052
0.064
0.052
0.045
0.048
0.044
0.039
0.039
0.026
0.023
0.014
-0.002
-0.002
-0.014
-0.021
-0.035
-0.054
-0.057
-0.060
-0.062
-0.070
-0.060
-0.060
-0.060
-0.059
-0.068
-0.048
-0.055
-0.055
-0.043
-0.042
-0.028
-0.007
-0.003
0.008
0.014
0.021
0.029
0.031
0.038
0.058
0.055
0.074
0.071
0.078
0.080
0.081
0.081
0.069
0.084
0.071
0.067
0.074
0.064
0.058
0.040
0.038
0.041
0.033
0.029
0.014
0.010
0.011
0.001
-0.009
-0.013
-0.018
-0.017
-0.022
-0.032
-0.031
-0.035
-0.034
-0.038
-0.042
-0.052
-0.050
-0.054
-0.046
-0.049
-0.046
-0.048
-0.044
-0.040
-0.029
-0.041
-0.035
-0.034
-0.028
-0.015
-0.024
-0.016
0.004
0.007
0.004
0.002
0.006
0.015
0.019
0.017
0.021
0.024
0.039
0.037
0.028
0.030
0.027
0.028
0.029
0.019
0.024
0.024
0.018
0.017
0.016
0.015
0.008
0.012
0.005
0.009
-0.004
-0.000
0.004
0.002
-0.005
-0.000
-0.007
0.003
0.002
0.002
-0.004
-0.004
0.002
0.002
0.004
0.011
0.012
0.020
0.028
0.019
0.021
0.012
0.031
0.016
0.023
0.019
0.021
0.021
0.022
0.022
0.016
0.010
0.015
0.013
0.006
-0.001
-0.003
0.000
-0.008
-0.010
-0.006
-0.014
-0.005
-0.001
-0.014
-0.015
-0.010
-0.005
-0.005
-0.011
-0.010
-0.004
0.002
0.002
-0.002
0.004
-0.007
0.005
0.001
0.001
0.008
0.003
0.003
0.004
0.004
0.004
0.004
0.010
0.004
0.004
-0.002
-0.002
0.003
-0.003
0.002
-0.004
0.001
0.001
0.007
0.007
0.002
0.002
0.002
0.009
0.004
-0.001
0.011
0.011
0.012
0.007
0.007
0.007
0.008
0.002
0.008
0.002
0.002
0.013
0.007
0.007
0.007
0.007
0.007
0.001
0.006
0.000
-0.000
0.005
0.005
0.005
0.000
0.006
0.018
0.013
0.014
0.010
0.006
0.025
0.016
0.018
0.020
0.017
0.037
0.028
0.030
0.021
0.018
0.030
0.020
0.014
0.020
0.001
0.027
-0.037
0.010
-0.050
-0.027
-0.020
-0.003
-0.041
-0.052
-0.034
-0.050
-0.061
-0.037
-0.075
-0.034
-0.059
-0.040
-0.065
-0.045
-0.075
-0.032
-0.061
-0.033
-0.050
-0.033
-0.043
0.009
-0.034
-0.043
-0.002
0.018
-0.029
-0.020
0.034
-0.019
0.019
0.034
0.027
0.025
0.018
0.038
0.024
0.027
0.024
0.026
0.039
0.029
0.042
0.026
0.026
0.032
0.022
0.022
0.023
0.023
0.024
0.036
0.032
0.022
0.029
0.036
0.031
0.027
0.016
0.017
0.018
0.018
0.012
0.018
0.012
0.017
0.010
0.003
0.002
-0.006
-0.014
-0.017
-0.020
-0.024
-0.027
-0.032
-0.036
-0.047
-0.051
-0.050
-0.043
-0.053
-0.051
-0.060
-0.057
-0.048
-0.050
-0.057
-0.047
-0.042
-0.048
-0.037
-0.038
-0.043
-0.037
-0.049
-0.037
-0.031
-0.037
-0.025
-0.030
-0.018
-0.017
-0.022
-0.021
-0.014
-0.013
-0.011
0.001
-0.014
-0.007
0.000
0.002
0.010
0.000
0.019
0.005
0.030
-0.013
0.035
0.021
0.030
0.051
0.020
0.018
0.027
0.086
-0.000
0.059
0.039
0.024
0.032
0.050
0.012
0.035
0.035
0.018
0.034
0.016
0.003
0.012
-0.002
-0.005
-0.009
-0.018
-0.016
-0.026
-0.014
-0.029
-0.033
-0.025
-0.040
-0.031
-0.040
-0.042
-0.027
-0.039
-0.029
-0.030
-0.024
-0.024
-0.024
-0.018
-0.023
-0.016
-0.021
-0.020
-0.014
-0.018
-0.017
0.006
-0.010
0.003
-0.008
-0.007
0.000
-0.010
0.002
-0.003
-0.008
0.010
0.005
0.005
-0.006
-0.001
0.005
-0.007
-0.007
-0.007
0.004
-0.006
0.016
-0.011
0.024
-0.009
0.049
-0.051
0.074
-0.043
0.043
-0.006
0.028
-0.016
0.035
-0.015
0.030
0.002
0.013
0.001
0.000
0.005
-0.007
0.003
-0.009
-0.005
-0.001
-0.002
-0.003
-0.005
-0.011
-0.007
-0.019
0.003
-0.020
0.003
-0.002
-0.001
-0.000
0.007
0.003
0.021
0.012
0.013
0.009
0.005
0.006
0.007
0.002
0.008
0.014
0.008
0.008
0.007
0.007
0.007
0.000
-0.000
-0.001
-0.013
-0.003
0.002
0.001
-0.000
-0.012
-0.008
-0.009
-0.010
-0.005
-0.012
-0.012
-0.007
-0.002
-0.014
-0.003
-0.008
-0.008
0.009
-0.007
-0.007
-0.007
0.005
-0.000
-0.005
0.001
0.007
0.002
0.003
0.009
0.010
-0.001
0.005
-0.000
0.011
0.001
0.007
0.013
0.008
0.014
0.004
0.011
0.012
0.013
0.014
0.015
0.016
0.023
0.029
0.001
0.001
0.000
0.005
-0.001
0.003
0.002
0.001
0.005
0.004
0.003
-0.003
-0.004
0.002
-0.004
-0.004
-0.004
0.002
0.003
0.003
0.004
0.010
0.005
0.006
0.006
0.001
0.001
0.001
0.001
-0.005
0.001
0.000
-0.006
0.004
-0.002
-0.003
-0.004
-0.011
-0.012
-0.013
-0.008
-0.015
-0.010
-0.006
-0.006
-0.012
-0.013
-0.002
-0.007
-0.018
0.016
-0.040
0.022
-0.011
0.001
0.013
-0.009
-0.008
-0.019
0.044
-0.039
0.023
0.013
-0.003
-0.002
0.021
-0.001
0.005
0.005
-0.001
0.004
-0.002
-0.008
-0.004
-0.005
-0.006
-0.013
-0.002
-0.003
-0.004
-0.010
0.007
-0.016
-0.010
0.007
-0.003
0.003
0.004
-0.006
0.006
0.001
0.002
0.008
0.004
-0.002
0.010
0.005
-0.001
0.004
-0.008
-0.008
0.002
-0.010
0.000
-0.007
-0.013
-0.003
-0.010
-0.005
-0.011
-0.017
-0.001
-0.007
-0.002
-0.007
-0.007
-0.007
-0.006
-0.006
-0.005
-0.005
0.007
0.003
0.009
0.004
-0.000
0.012
-0.004
0.002
-0.004
-0.003
0.014
0.003
0.003
0.003
0.003
0.003
-0.003
0.002
0.002
-0.005
0.000
-0.012
-0.007
-0.008
-0.009
-0.004
0.006
-0.006
-0.012
-0.007
-0.007
-0.024
-0.001
-0.012
0.017
-0.004
0.042
-0.053
0.072
-0.050
0.040
-0.031
0.031
-0.025
0.032
-0.018
0.015
0.004
0.009
-0.014
0.014
-0.004
-0.005
-0.006
-0.007
-0.008
-0.003
-0.010
-0.011
-0.012
-0.001
-0.002
-0.002
-0.008
-0.008
-0.001
-0.006
0.006
-0.010
0.007
0.008
0.015
-0.001
0.005
0.000
0.001
-0.004
0.013
0.003
0.009
0.009
0.009
0.003
0.003
-0.002
-0.003
0.008
0.002
0.001
-0.005
-0.006
-0.002
-0.008
-0.004
-0.010
-0.006
0.005
-0.007
-0.008
-0.008
0.004
-0.007
-0.001
0.000
0.001
0.014
0.015
0.011
0.012
0.003
0.009
0.005
0.011
0.012
0.007
0.007
0.013
0.013
0.007
0.007
0.007
0.006
0.006
-0.001
-0.002
0.003
-0.004
0.001
-0.006
-0.007
-0.002
0.002
-0.004
-0.005
-0.011
0.006
-0.005
0.001
-0.004
0.003
0.021
0.011
0.012
0.008
0.003
0.010
0.005
0.012
0.007
0.007
0.018
0.013
0.007
0.007
0.007
0.001
0.006
0.006
0.006
0.005
0.005
-0.001
0.010
0.004
0.004
-0.002
0.009
0.003
0.003
0.002
-0.003
0.002
0.002
0.003
0.003
0.009
0.015
0.010
0.005
0.006
0.001
0.007
0.013
0.008
0.008
0.002
0.002
0.001
0.001
0.006
0.005
-0.001
-0.002
-0.003
0.001
-0.005
-0.006
-0.002
-0.008
-0.003
-0.009
-0.004
0.001
-0.004
-0.004
0.003
0.004
0.016
0.012
0.013
0.003
0.010
0.012
0.002
0.008
0.009
0.010
0.021
0.016
0.011
0.011
-0.000
0.011
0.005
0.004
0.003
-0.003
0.007
-0.005
0.004
-0.002
-0.015
0.000
-0.007
-0.002
-0.014
-0.010
0.001
-0.005
-0.005
-0.005
0.001
0.008
-0.003
0.009
0.011
0.001
0.002
0.009
0.005
0.017
0.019
0.014
0.015
0.010
0.011
0.012
0.012
0.012
0.011
0.005
-0.001
0.004
0.008
-0.004
0.007
0.001
0.006
0.005
0.005
-0.000
0.000
0.006
0.006
0.013
0.007
0.002
0.008
0.002
0.002
0.002
0.002
-0.004
0.001
0.006
-0.000
0.005
-0.001
-0.008
0.003
-0.003
0.002
-0.004
-0.010
0.006
-0.005
0.001
-0.005
0.001
0.007
0.008
0.009
0.005
0.006
0.012
0.008
0.009
0.004
0.005
0.011
0.012
0.012
0.007
0.012
0.006
0.000
-0.000
-0.001
0.004
0.003
0.002
-0.005
-0.012
-0.007
-0.003
-0.004
-0.005
-0.011
-0.006
-0.001
-0.007
-0.007
-0.001
-0.001
0.000
0.001
0.002
0.003
0.004
0.010
0.006
0.007
0.003
0.009
-0.012
0.033
0.006
-0.015
0.019
0.025
0.047
-0.065
0.052
-0.067
0.043
-0.054
0.051
-0.057
0.031
-0.050
0.038
-0.058
0.008
-0.043
0.024
-0.027
0.007
-0.015
0.003
-0.002
0.005
-0.005
-0.004
-0.009
-0.002
0.004
-0.001
0.005
-0.000
0.006
0.006
0.000
-0.011
0.000
-0.006
-0.006
-0.007
-0.002
-0.008
-0.003
-0.004
-0.004
-0.011
-0.017
-0.013
-0.008
-0.015
-0.010
-0.022
-0.006
-0.012
-0.012
-0.006
-0.012
-0.006
-0.006
-0.011
-0.004
-0.009
0.003
-0.007
-0.001
-0.000
-0.005
0.007
0.001
-0.004
0.002
-0.009
-0.010
-0.010
-0.005
-0.006
-0.006
-0.002
-0.008
-0.003
-0.015
-0.016
-0.005
-0.017
-0.012
-0.006
-0.012
-0.001
-0.013
-0.007
-0.007
-0.013
-0.001
-0.018
0.016
-0.040
0.022
-0.006
-0.011
0.012
-0.015
-0.015
-0.008
0.049
-0.040
0.022
0.018
-0.004
-0.014
0.025
-0.025
0.008
0.003
-0.003
0.007
0.001
-0.011
-0.006
-0.013
-0.008
-0.003
-0.010
0.001
-0.005
0.000
-0.005
-0.011
-0.005
-0.004
0.003
-0.002
-0.001
0.016
0.000
0.007
0.002
0.003
0.003
-0.002
0.003
-0.002
-0.002
0.003
-0.002
0.003
0.002
0.002
-0.004
0.001
-0.000
-0.012
-0.008
-0.014
-0.010
-0.011
-0.011
-0.012
-0.007
0.004
0.005
-0.006
-0.006
0.006
-0.004
-0.004
-0.003
-0.003
-0.003
-0.002
0.009
-0.003
0.003
-0.003
-0.008
0.009
-0.002
-0.002
0.004
0.005
0.012
0.013
0.014
0.004
0.004
0.011
0.006
0.006
0.007
0.007
0.007
0.008
0.008
0.007
0.007
0.007
0.006
0.000
-0.006
-0.001
0.004
-0.008
0.002
-0.004
-0.005
0.006
-0.001
-0.001
-0.001
-0.007
-0.001
-0.001
-0.000
0.000
0.007
0.002
0.014
0.003
0.004
0.010
0.005
0.006
0.001
0.001
0.007
0.007
0.001
0.007
0.006
0.001
0.006
0.006
-0.000
-0.001
-0.007
-0.002
-0.002
0.003
0.002
-0.004
-0.004
0.001
0.000
-0.005
-0.006
0.000
0.000
-0.005
0.001
0.001
0.007
0.008
0.003
0.004
0.004
0.005
-0.000
0.000
0.006
0.001
0.007
0.007
0.007
0.001
-0.005
0.006
0.000
-0.000
-0.001
-0.001
-0.002
-0.008
0.003
-0.004
-0.016
0.000
-0.000
-0.001
-0.013
-0.008
-0.003
-0.003
-0.009
-0.009
-0.003
0.004
0.005
0.011
-0.004
0.004
0.017
0.002
0.032
-0.000
0.029
0.002
0.014
-0.009
0.019
-0.016
-0.000
0.004
0.002
-0.011
-0.013
0.002
-0.016
-0.012
-0.013
-0.003
-0.009
-0.004
-0.004
-0.009
-0.009
-0.003
-0.014
0.004
-0.007
-0.000
0.012
0.001
0.002
0.008
-0.019
0.021
-0.001
-0.017
0.017
0.012
0.001
-0.027
0.041
-0.015
0.013
0.002
0.019
-0.031
0.008
-0.026
0.046
-0.044
0.034
-0.035
0.020
-0.038
0.028
-0.052
0.008
-0.044
0.016
-0.046
0.004
-0.030
0.004
-0.006
0.023
-0.003
0.005
-0.004
0.009
0.000
0.008
-0.002
0.010
0.005
0.006
0.005
-0.007
0.003
-0.010
-0.012
-0.014
-0.022
-0.018
-0.015
-0.017
-0.013
-0.025
-0.015
-0.016
-0.010
-0.016
-0.010
-0.009
-0.008
-0.007
-0.011
-0.004
-0.003
0.004
-0.001
-0.001
-0.011
-0.006
-0.000
-0.017
-0.001
-0.007
-0.018
0.003
-0.014
-0.009
-0.004
-0.010
-0.010
-0.010
-0.010
-0.011
-0.011
-0.006
-0.012
-0.012
-0.019
-0.014
-0.009
-0.010
-0.017
-0.018
-0.013
-0.025
-0.003
-0.042
0.008
-0.014
-0.002
0.016
-0.005
-0.015
-0.025
0.050
-0.027
0.003
0.021
0.000
-0.004
0.036
-0.013
0.010
0.005
-0.001
0.010
0.010
-0.007
0.003
-0.003
-0.004
-0.006
-0.007
-0.013
-0.003
-0.004
-0.005
-0.006
-0.006
-0.006
-0.006
-0.005
-0.005
0.002
0.008
0.003
0.004
-0.000
-0.005
0.001
0.002
0.002
0.003
0.003
0.009
0.003
0.003
0.003
-0.008
-0.003
-0.004
-0.005
-0.006
-0.007
-0.008
-0.009
-0.010
-0.005
-0.012
-0.007
-0.007
0.004
-0.013
-0.013
-0.002
-0.013
-0.001
-0.006
-0.000
0.006
-0.004
0.007
-0.003
0.003
0.004
-0.006
0.000
0.001
0.007
0.008
0.014
0.003
0.003
0.003
-0.003
0.002
-0.010
-0.005
-0.006
-0.001
-0.003
-0.009
-0.005
-0.012
-0.007
-0.008
-0.009
-0.009
-0.010
0.002
-0.009
-0.009
-0.008
0.026
-0.006
-0.005
0.002
0.014
0.016
0.006
0.002
0.008
0.015
0.011
0.006
0.006
0.007
0.018
0.013
0.007
0.007
0.001
0.012
0.000
-0.000
-0.001
-0.002
0.003
0.002
0.001
-0.006
-0.002
-0.003
-0.003
0.001
-0.011
-0.005
-0.000
-0.006
-0.000
0.006
0.001
0.013
0.009
0.010
0.012
0.015
0.017
0.020
0.023
0.027
0.036
0.034
0.037
0.035
0.032
0.035
0.038
0.028
0.035
0.019
0.019
0.018
-0.001
0.002
-0.001
-0.011
-0.010
-0.021
-0.026
-0.038
-0.050
-0.062
-0.053
-0.065
-0.066
-0.072
-0.067
-0.061
-0.071
-0.076
-0.063
-0.066
-0.069
-0.054
-0.067
-0.068
-0.046
-0.052
-0.040
-0.033
-0.031
-0.011
-0.013
-0.003
0.002
0.014
0.026
0.032
0.045
0.041
0.054
0.066
0.051
0.068
0.069
0.075
0.075
0.086
0.086
0.079
0.067
0.066
0.086
0.135
0.072
0.081
0.073
0.081
0.044
0.091
0.080
0.053
0.069
0.061
0.031
0.010
0.034
0.000
-0.000
-0.007
-0.014
-0.028
-0.036
-0.032
-0.046
-0.053
-0.060
-0.056
-0.050
-0.062
-0.067
-0.054
-0.069
-0.066
-0.063
-0.053
-0.043
-0.043
-0.037
-0.036
-0.034
-0.026
-0.023
-0.020
-0.016
-0.001
0.008
0.013
0.011
0.010
0.019
0.023
0.016
0.013
0.027
0.018
0.026
0.027
0.017
0.018
0.013
0.018
0.017
0.016
0.004
0.002
-0.005
-0.007
0.002
-0.012
-0.009
-0.005
-0.002
-0.015
-0.011
-0.013
-0.014
-0.015
-0.010
-0.010
-0.009
0.002
0.015
-0.001
0.001
0.008
0.005
0.002
0.032
0.001
0.049
-0.011
0.042
-0.001
0.069
-0.019
0.061
-0.005
0.040
-0.004
0.035
-0.010
0.035
-0.005
0.039
-0.018
0.031
-0.004
0.011
-0.018
0.003
-0.009
0.007
-0.011
-0.006
-0.001
0.004
0.004
0.004
-0.014
-0.014
-0.004
-0.038
0.006
-0.000
-0.030
-0.014
0.002
-0.005
-0.046
-0.008
-0.004
-0.050
-0.013
-0.014
-0.032
-0.011
-0.028
-0.018
-0.019
-0.020
-0.026
-0.014
-0.014
-0.014
-0.019
-0.006
-0.005
-0.003
-0.002
-0.005
0.014
0.005
0.007
0.009
0.006
0.008
0.010
0.012
0.007
0.014
0.015
0.010
0.010
0.010
-0.008
-0.003
-0.011
-0.007
-0.015
-0.023
-0.008
-0.016
-0.008
-0.027
-0.029
-0.020
-0.032
-0.017
-0.023
-0.019
-0.019
-0.025
-0.014
-0.025
-0.014
-0.019
-0.013
-0.007
-0.018
-0.017
-0.011
-0.016
-0.010
-0.009
-0.009
0.003
-0.001
-0.006
0.000
-0.010
-0.004
-0.009
-0.009
-0.003
-0.004
-0.004
-0.004
0.001
-0.010
-0.011
-0.011
-0.012
-0.006
-0.007
-0.007
-0.007
-0.002
-0.019
0.003
-0.024
0.009
0.004
-0.017
0.011
-0.005
-0.004
-0.025
0.043
-0.023
0.000
0.035
0.002
-0.020
0.025
-0.019
0.003
-0.003
-0.003
0.003
0.002
0.002
0.001
-0.006
-0.007
-0.019
-0.009
-0.010
-0.012
-0.013
-0.008
-0.015
-0.010
-0.010
-0.015
0.002
-0.009
0.003
0.005
-0.005
0.001
0.008
-0.002
-0.001
-0.000
-0.005
0.006
0.006
0.000
0.000
-0.006
-0.001
-0.002
-0.002
-0.003
-0.009
-0.009
-0.004
-0.010
0.024
-0.009
-0.003
0.009
-0.008
0.021
-0.017
0.011
0.000
0.003
0.001
0.003
0.002
0.006
0.006
0.003
0.008
-0.000
0.006
-0.000
0.008
-0.000
0.003
-0.000
0.003
-0.000
0.004
-0.004
0.009
-0.005
0.007
-0.001
0.002
-0.001
0.004
-0.003
0.002
0.003
0.003
0.005
0.004
0.007
0.006
0.009
0.008
0.010
0.004
0.012
0.003
0.014
0.009
0.009
0.007
-0.003
0.004
-0.006
-0.013
-0.015
-0.022
-0.022
-0.018
-0.017
-0.021
-0.033
-0.021
-0.023
-0.022
-0.027
-0.024
-0.021
-0.020
-0.018
-0.024
-0.016
-0.014
-0.008
-0.011
-0.012
-0.017
-0.012
-0.006
-0.019
0.000
0.001
-0.011
0.014
-0.006
-0.002
0.008
0.003
0.008
0.008
0.009
0.013
0.014
0.020
0.012
0.012
0.007
0.008
0.014
0.016
0.007
0.008
0.008
-0.003
0.015
-0.028
0.026
-0.004
0.011
0.025
0.003
-0.007
-0.021
0.053
-0.030
0.005
0.020
-0.004
-0.010
0.028
-0.022
-0.004
-0.011
-0.015
-0.007
-0.006
-0.026
-0.016
-0.023
-0.025
-0.026
-0.027
-0.031
-0.022
-0.024
-0.023
-0.022
-0.025
-0.021
-0.019
-0.018
-0.011
-0.005
0.004
-0.000
-0.001
0.000
-0.005
0.003
0.005
0.007
0.012
0.014
0.023
0.012
0.015
0.012
0.002
0.008
0.008
0.010
0.008
0.007
0.003
0.004
-0.003
0.001
-0.007
-0.001
-0.007
-0.003
-0.004
-0.006
0.007
-0.006
-0.008
-0.005
0.029
-0.006
-0.003
0.024
-0.022
0.027
-0.009
0.010
-0.000
0.008
0.010
0.020
0.000
0.008
0.018
-0.005
0.012
-0.012
0.009
-0.004
0.010
-0.007
0.009
-0.012
0.001
-0.013
0.013
-0.031
0.029
-0.026
0.006
-0.005
-0.008
-0.024
0.006
-0.052
0.043
-0.026
0.048
-0.013
0.006
0.002
-0.003
-0.017
-0.001
0.017
0.007
0.008
0.020
0.016
-0.000
0.001
0.004
-0.002
-0.001
-0.003
0.001
0.002
-0.009
-0.003
-0.005
-0.001
-0.024
-0.009
-0.015
-0.010
-0.003
-0.005
-0.005
-0.009
-0.002
0.005
0.010
0.006
0.013
0.008
0.014
0.004
0.015
0.017
0.013
0.016
0.017
0.018
0.015
0.009
0.011
0.009
0.005
0.006
0.003
0.008
0.009
0.001
-0.003
-0.002
-0.001
0.005
-0.005
-0.004
-0.005
-0.002
-0.008
-0.006
-0.004
0.005
0.015
0.008
-0.001
0.003
0.002
-0.003
-0.007
0.022
0.025
0.015
0.011
0.045
-0.024
0.014
0.029
-0.009
0.013
0.036
0.014
0.030
-0.026
0.040
-0.022
0.011
-0.007
0.009
0.002
0.007
0.006
0.000
0.016
-0.012
0.010
-0.007
-0.002
-0.002
0.003
-0.008
0.015
0.004
0.016
0.006
0.007
0.009
0.010
0.012
0.014
0.015
0.022
0.024
-0.003
0.031
0.009
-0.007
0.020
0.019
-0.004
-0.028
0.032
-0.037
-0.006
0.003
-0.016
-0.007
-0.015
-0.006
-0.025
-0.039
-0.024
-0.020
-0.021
-0.016
-0.017
-0.006
-0.018
-0.012
-0.017
-0.017
-0.011
-0.004
-0.014
-0.008
-0.006
0.006
0.002
0.004
0.005
0.001
0.008
0.003
0.005
0.000
0.007
0.013
-0.003
0.008
0.002
-0.004
0.001
0.000
0.005
-0.013
-0.009
-0.011
-0.018
-0.015
-0.011
-0.018
-0.013
-0.015
-0.010
-0.016
-0.011
-0.011
0.001
-0.010
-0.004
-0.009
-0.014
0.004
-0.006
-0.005
0.001
0.002
0.009
0.010
0.012
0.001
0.002
0.009
0.004
0.005
0.005
0.006
0.006
0.006
0.006
0.006
0.006
0.005
0.005
-0.001
-0.007
-0.002
0.002
-0.010
0.001
-0.005
-0.006
0.005
-0.002
-0.002
-0.002
-0.008
-0.002
-0.001
-0.001
-0.000
0.006
0.001
0.013
0.003
0.003
0.010
0.005
0.005
0.000
0.000
0.006
0.006
0.001
0.006
0.006
0.000
0.005
0.005
-0.001
-0.001
-0.007
-0.002
-0.003
0.002
0.002
-0.004
-0.005
0.000
0.000
-0.006
-0.006
-0.000
-0.000
-0.005
0.000
0.001
0.007
0.008
0.003
0.004
0.004
0.005
-0.000
0.000
0.006
0.001
0.006
0.007
0.007
0.001
-0.005
0.006
0.000
-0.000
-0.001
-0.001
-0.002
-0.008
0.002
-0.004
-0.016
0.000
-0.001
-0.001
-0.013
-0.008
-0.003
-0.003
-0.009
-0.009
-0.003
0.003
0.004
0.011
-0.004
0.003
0.017
0.002
0.031
-0.000
0.029
0.002
0.013
-0.009
0.019
-0.016
-0.000
0.004
0.002
-0.011
-0.013
0.002
-0.016
-0.012
-0.013
-0.003
-0.009
-0.004
-0.004
-0.009
-0.009
-0.003
-0.014
0.004
-0.007
-0.000
0.012
0.001
0.002
0.008
-0.019
0.021
-0.001
-0.017
0.017
0.012
0.001
-0.027
0.041
-0.015
0.013
0.002
0.019
-0.031
0.008
-0.026
0.046
-0.044
0.034
-0.035
0.020
-0.037
0.028
-0.052
0.008
-0.044
0.017
-0.046
0.004
-0.030
0.004
-0.006
0.024
-0.002
0.005
-0.004
0.010
0.000
0.008
-0.002
0.011
0.006
0.006
0.006
-0.006
0.004
-0.009
-0.011
-0.013
-0.021
-0.018
-0.014
-0.016
-0.012
-0.025
-0.015
-0.015
-0.010
-0.015
-0.009
-0.008
-0.007
-0.006
-0.010
-0.003
-0.002
0.004
-0.000
0.000
-0.011
-0.005
0.000
-0.016
-0.000
-0.006
-0.018
0.004
-0.014
-0.008
-0.007
