0.008
-0.006
0.002
0.003
0.003
0.004
-0.003
0.006
-0.002
0.007
0.007
0.007
0.007
-0.001
-0.001
-0.002
0.006
-0.003
-0.004
0.002
0.001
-0.000
-0.002
-0.010
-0.003
-0.004
0.012
-0.004
-0.003
0.006
-0.000
0.002
0.004
0.006
0.016
0.010
0.020
0.014
-0.016
0.017
-0.022
0.034
-0.014
0.042
-0.062
0.113
-0.063
0.064
-0.033
0.014
-0.020
0.027
-0.031
0.007
-0.012
0.002
-0.008
0.006
-0.012
-0.005
0.001
-0.007
-0.008
-0.008
0.001
0.002
-0.005
-0.011
-0.001
0.017
-0.013
0.022
0.024
-0.030
0.027
0.013
0.006
-0.017
0.031
-0.041
0.030
0.013
-0.020
0.027
-0.007
-0.009
0.012
-0.006
-0.016
-0.010
0.004
-0.022
0.001
-0.016
-0.009
0.007
-0.009
0.015
-0.008
-0.007
0.003
-0.012
-0.010
-0.001
0.001
0.011
0.004
0.006
0.007
0.008
0.000
0.001
0.009
-0.008
0.000
-0.000
-0.001
-0.002
0.005
0.003
0.002
0.001
-0.009
-0.002
-0.012
-0.005
-0.006
-0.015
-0.008
-0.009
0.007
-0.008
0.008
0.001
-0.006
0.004
-0.003
-0.001
0.001
0.003
0.005
-0.001
0.008
0.001
0.002
0.019
0.003
0.011
-0.006
0.001
0.000
-0.001
-0.010
-0.004
0.001
-0.001
-0.003
-0.005
-0.015
-0.009
-0.003
-0.004
-0.013
-0.005
-0.013
-0.013
-0.004
0.004
-0.026
0.031
0.001
0.003
0.021
-0.009
-0.055
0.050
-0.028
-0.019
0.070
-0.025
0.007
0.047
-0.033
0.007
0.007
-0.018
0.005
0.011
-0.022
0.008
-0.002
-0.012
0.002
-0.007
-0.009
0.014
-0.010
-0.010
-0.002
-0.010
-0.001
0.001
-0.006
-0.004
0.014
0.024
0.011
0.005
-0.009
0.000
0.010
-0.005
0.012
0.004
0.012
0.012
0.012
0.011
0.003
-0.007
0.000
0.007
-0.003
-0.004
-0.005
0.001
0.000
-0.001
-0.001
0.006
0.006
-0.002
-0.002
-0.001
-0.001
-0.000
-0.007
0.001
0.002
0.003
0.004
0.005
0.013
0.006
0.006
0.007
-0.000
-0.000
-0.000
-0.000
-0.001
0.007
-0.002
0.005
0.004
0.003
0.002
0.000
-0.001
-0.010
-0.003
-0.012
-0.004
-0.005
-0.005
0.012
0.004
0.014
0.007
0.000
0.002
-0.005
0.005
-0.002
0.008
0.009
0.002
0.011
0.004
0.013
0.014
0.014
0.015
-0.001
0.007
0.007
-0.001
0.006
-0.002
0.013
0.004
0.011
0.002
0.001
0.000
0.008
0.007
-0.009
-0.010
0.006
0.013
0.005
-0.002
0.006
-0.002
-0.002
0.006
-0.001
0.007
-0.000
0.008
-0.007
0.010
0.011
0.003
0.011
0.011
0.003
-0.005
-0.013
0.002
0.000
-0.001
0.005
-0.012
0.002
-0.001
-0.003
-0.005
-0.015
-0.002
-0.012
-0.005
-0.022
-0.015
0.001
-0.014
-0.021
-0.003
0.047
-0.013
0.071
-0.053
0.055
-0.061
0.086
-0.070
0.060
-0.018
0.023
-0.001
0.046
-0.011
0.012
0.010
0.008
-0.003
-0.005
0.000
-0.002
0.004
-0.006
0.008
-0.009
-0.002
-0.002
0.005
-0.003
-0.003
-0.010
0.007
-0.000
0.001
-0.005
0.004
0.022
0.008
0.001
0.011
0.004
0.005
-0.002
0.006
0.006
-0.002
0.014
0.014
0.005
-0.004
-0.005
0.010
0.000
-0.001
0.005
-0.012
0.002
-0.007
-0.009
-0.010
-0.003
0.012
-0.012
0.004
-0.004
-0.003
0.014
-0.008
0.001
0.003
0.005
0.007
0.008
0.009
0.002
0.002
0.010
0.002
0.000
-0.009
0.005
0.002
-0.001
-0.004
-0.015
-0.010
0.002
-0.009
-0.004
-0.022
-0.015
0.000
-0.007
-0.006
-0.002
0.010
0.025
0.025
0.034
0.029
0.042
0.048
0.062
0.054
0.070
0.079
0.087
0.095
0.094
0.091
0.095
0.103
0.093
0.080
0.078
0.041
0.055
0.018
-0.000
-0.005
-0.014
-0.034
-0.063
-0.070
-0.087
-0.095
-0.104
-0.119
-0.133
-0.170
-0.165
-0.174
-0.173
-0.177
-0.187
-0.162
-0.182
-0.167
-0.164
-0.158
-0.147
-0.123
-0.112
-0.095
-0.058
-0.033
-0.011
-0.001
0.028
0.052
0.077
0.104
0.123
0.134
0.153
0.161
0.184
0.196
0.212
0.202
0.219
0.224
0.217
0.213
0.180
0.198
0.180
0.157
0.137
0.113
0.092
0.083
0.054
0.023
0.013
-0.016
-0.029
-0.052
-0.074
-0.097
-0.119
-0.132
-0.152
-0.171
-0.171
-0.178
-0.182
-0.192
-0.199
-0.195
-0.204
-0.233
-0.171
-0.224
-0.153
-0.165
-0.084
-0.174
-0.019
-0.155
0.008
-0.064
0.019
-0.007
0.072
0.025
0.113
0.082
0.121
0.126
0.153
0.153
0.149
0.165
0.177
0.153
0.180
0.139
0.158
0.117
0.127
0.101
0.104
0.087
0.052
0.054
0.014
0.012
0.026
-0.048
-0.059
-0.007
-0.057
-0.098
-0.058
-0.097
-0.110
-0.073
-0.130
-0.113
-0.093
-0.135
-0.102
-0.107
-0.076
-0.099
-0.071
-0.064
-0.054
-0.034
-0.044
-0.020
-0.018
-0.008
0.011
0.024
0.044
0.056
0.060
0.064
0.058
0.083
0.075
0.090
0.087
0.098
0.100
0.100
0.074
0.078
0.080
0.088
0.078
0.057
0.051
0.043
0.049
0.022
0.017
0.010
-0.013
-0.014
-0.031
-0.033
-0.044
-0.062
-0.048
-0.066
-0.075
-0.082
-0.097
-0.078
-0.098
-0.100
-0.092
-0.082
-0.077
-0.078
-0.061
-0.074
-0.052
-0.044
-0.051
-0.040
-0.027
-0.013
0.009
0.008
0.024
0.023
0.031
0.038
0.028
0.041
0.053
0.056
0.058
0.066
0.065
0.054
0.058
0.068
0.045
0.051
0.025
0.021
0.072
-0.006
0.011
0.051
-0.005
-0.029
0.066
-0.038
-0.014
0.035
-0.044
-0.019
-0.001
-0.062
-0.011
-0.007
-0.051
-0.022
-0.009
-0.043
0.003
-0.031
-0.024
-0.024
-0.040
-0.024
-0.024
-0.024
-0.015
-0.005
-0.004
-0.010
-0.007
-0.012
-0.009
-0.014
0.006
0.010
0.007
0.011
0.016
0.021
0.009
0.013
0.017
0.020
0.015
0.025
0.011
0.021
0.022
0.015
0.007
0.015
0.022
0.021
0.019
0.017
0.007
-0.004
-0.008
-0.020
-0.000
-0.013
-0.002
-0.006
-0.003
-0.016
-0.020
-0.015
-0.010
-0.028
-0.022
-0.022
-0.006
0.002
-0.004
-0.010
-0.007
-0.004
0.000
0.004
0.000
0.012
0.009
0.013
0.009
0.021
0.016
0.011
0.022
0.024
0.018
0.027
0.012
0.012
0.012
0.004
0.011
0.018
0.017
0.024
0.014
0.013
-0.005
0.017
-0.008
-0.010
0.005
0.003
0.010
0.001
0.008
-0.001
0.006
0.005
0.005
-0.003
-0.004
-0.004
-0.004
-0.012
-0.005
0.011
0.011
0.004
0.004
0.004
-0.004
0.004
-0.005
0.003
-0.013
0.002
-0.007
0.000
0.007
-0.001
-0.002
-0.003
-0.003
0.004
-0.012
0.004
-0.003
0.014
-0.008
0.009
0.003
0.005
0.015
0.008
0.010
0.011
-0.003
0.014
-0.001
-0.001
0.007
0.016
0.016
0.016
0.016
-0.000
-0.008
0.007
0.055
-0.042
0.029
-0.060
0.074
-0.079
0.103
-0.090
0.060
-0.038
0.041
-0.049
0.030
-0.042
0.029
-0.011
0.006
-0.009
0.008
0.010
0.012
0.005
-0.000
0.010
0.012
-0.002
-0.000
0.017
0.010
0.019
0.012
0.012
0.004
0.012
-0.005
0.010
0.001
0.007
-0.002
0.004
0.001
-0.001
-0.003
-0.005
0.001
-0.000
-0.001
-0.010
-0.003
-0.003
-0.003
-0.002
-0.001
0.000
0.010
0.012
0.006
-0.000
0.010
0.004
0.006
-0.000
0.009
0.010
0.011
0.019
0.011
0.010
-0.007
0.008
-0.002
-0.012
-0.007
-0.001
0.004
-0.006
0.000
-0.001
-0.002
0.013
-0.011
0.005
-0.010
-0.001
-0.000
-0.007
0.002
-0.004
0.005
0.006
0.008
0.009
0.010
0.011
0.004
-0.003
0.005
-0.010
0.014
0.006
0.005
0.012
0.003
0.002
0.001
-0.009
-0.003
-0.005
-0.014
0.000
-0.001
-0.002
-0.003
0.005
0.005
0.006
-0.001
-0.008
0.001
-0.006
-0.005
-0.003
0.006
0.008
0.017
0.011
0.013
-0.002
0.015
0.008
0.001
0.001
0.002
0.001
0.009
0.016
0.007
-0.002
-0.004
0.003
-0.007
-0.001
-0.003
-0.005
0.002
0.000
-0.009
-0.009
-0.002
-0.002
-0.003
-0.003
-0.002
-0.002
-0.002
-0.009
-0.001
-0.008
0.000
0.001
0.002
0.003
0.004
0.005
0.006
-0.001
0.000
-0.007
0.009
0.010
0.002
0.002
0.001
-0.000
-0.002
-0.003
-0.013
-0.007
-0.010
-0.004
-0.006
-0.007
-0.009
-0.002
-0.003
0.005
-0.012
-0.012
-0.011
-0.010
-0.009
-0.016
0.033
-0.029
-0.003
0.038
-0.008
0.010
0.004
-0.002
0.012
-0.005
0.018
-0.023
0.016
-0.017
0.022
-0.003
0.004
-0.013
0.027
-0.014
0.009
-0.024
0.007
-0.025
0.006
-0.026
0.029
-0.019
0.037
-0.011
0.014
-0.010
0.007
-0.015
0.010
0.003
0.004
0.030
-0.017
0.001
0.034
-0.036
0.013
0.022
0.015
-0.016
0.024
-0.024
0.016
0.016
-0.033
0.022
0.013
-0.012
0.019
-0.015
0.007
0.006
-0.004
-0.013
0.002
-0.007
0.016
0.015
-0.009
-0.001
-0.001
-0.009
-0.000
-0.007
0.001
0.002
0.003
-0.004
0.005
-0.002
-0.002
0.007
-0.000
-0.000
0.000
0.000
-0.000
-0.000
-0.001
-0.002
-0.002
0.005
0.004
0.003
-0.007
0.000
-0.009
-0.002
-0.011
-0.004
-0.005
0.002
0.002
-0.007
-0.007
0.001
0.001
-0.007
-0.007
-0.006
-0.005
-0.005
-0.004
-0.003
-0.002
-0.002
0.007
-0.000
0.001
-0.015
0.001
0.001
-0.007
-0.007
-0.007
0.000
-0.000
-0.001
0.006
-0.010
0.005
0.004
0.004
-0.005
-0.005
-0.005
-0.005
0.011
-0.013
0.028
-0.044
0.020
0.012
-0.044
0.036
-0.012
-0.029
-0.014
0.057
-0.087
0.048
-0.001
-0.034
0.014
-0.018
-0.042
0.095
-0.000
-0.022
0.020
0.007
-0.047
-0.012
0.046
-0.031
-0.020
0.062
-0.016
0.018
-0.012
0.054
-0.063
0.097
-0.055
0.065
-0.008
0.024
-0.002
0.029
-0.020
0.026
-0.008
0.015
0.005
0.011
0.009
-0.001
0.013
-0.005
0.001
-0.033
0.022
0.004
-0.036
0.011
0.027
-0.004
-0.003
-0.001
-0.023
0.003
0.005
-0.025
0.033
-0.013
-0.004
0.005
0.005
-0.011
0.013
0.004
0.010
0.017
0.007
0.005
0.004
0.002
-0.007
-0.008
-0.009
-0.001
0.007
-0.001
-0.009
-0.001
-0.008
0.000
0.001
0.001
0.002
0.002
0.003
-0.005
-0.012
0.004
-0.003
0.005
0.006
-0.002
0.007
-0.001
0.007
0.007
-0.009
-0.002
-0.010
0.004
0.003
-0.006
0.000
-0.002
0.005
0.011
-0.006
0.001
-0.007
-0.008
-0.008
-0.007
-0.007
-0.005
-0.004
-0.010
-0.001
0.001
0.003
0.004
-0.002
0.007
-0.000
0.000
0.001
0.000
-0.008
-0.001
0.005
0.003
0.001
0.007
-0.004
-0.007
0.015
0.004
-0.014
-0.016
-0.017
-0.002
-0.003
-0.043
0.022
-0.025
0.000
0.042
-0.027
-0.056
0.043
-0.019
-0.032
0.043
-0.019
-0.009
0.040
-0.031
0.009
0.009
-0.016
0.014
0.028
-0.006
0.016
0.006
-0.013
0.009
-0.008
-0.018
0.006
0.006
-0.010
0.007
-0.008
-0.006
-0.004
-0.002
0.001
0.003
0.006
-0.000
0.002
-0.012
0.005
0.022
0.006
0.015
0.015
0.007
0.006
0.005
0.012
0.002
0.001
-0.001
0.014
-0.004
0.002
0.001
-0.001
0.014
0.005
-0.004
-0.004
-0.005
0.011
-0.012
-0.012
-0.003
-0.002
-0.000
0.001
0.011
0.005
-0.001
0.009
0.010
0.004
0.006
-0.009
0.008
0.008
-0.008
0.016
0.007
0.022
0.013
0.003
0.001
0.006
0.004
0.001
-0.001
-0.003
-0.005
0.010
-0.007
0.001
-0.007
0.002
0.004
-0.003
-0.000
0.002
-0.003
0.000
-0.005
-0.002
-0.000
0.010
0.011
0.012
0.021
-0.003
0.012
0.019
0.009
0.015
-0.002
0.003
0.009
-0.001
0.005
-0.005
0.001
0.016
-0.001
-0.002
-0.002
-0.002
-0.002
-0.002
-0.009
-0.000
-0.007
0.002
-0.005
0.005
0.006
-0.001
0.008
0.009
0.010
-0.006
0.003
0.003
-0.004
0.003
0.011
0.003
0.010
0.009
0.008
-0.009
-0.002
0.013
0.003
0.002
-0.007
-0.000
0.007
-0.010
-0.002
-0.002
0.006
0.006
-0.001
-0.000
-0.007
0.003
-0.003
-0.001
0.001
0.003
0.005
0.007
0.017
0.035
-0.036
0.037
-0.035
0.013
0.012
0.042
-0.024
0.022
-0.013
0.007
-0.004
0.024
-0.027
0.059
-0.031
0.015
-0.033
0.023
-0.033
0.009
-0.029
0.006
-0.007
0.004
-0.009
0.010
0.005
0.008
0.002
0.012
-0.003
0.006
0.022
0.006
-0.003
0.012
0.018
-0.007
0.014
0.020
0.009
-0.017
0.012
0.002
-0.008
-0.010
-0.004
0.010
-0.007
-0.016
0.000
-0.008
0.001
-0.006
0.003
0.005
-0.009
-0.007
-0.013
-0.002
-0.016
0.010
0.011
0.005
0.006
0.007
0.007
0.007
-0.010
0.021
-0.012
0.010
0.024
-0.034
0.020
0.018
-0.016
-0.042
0.076
-0.078
0.032
0.014
-0.043
0.003
0.002
-0.046
0.025
-0.015
-0.015
0.010
-0.013
-0.012
0.014
-0.024
-0.006
-0.004
-0.010
-0.008
0.002
0.004
0.006
0.007
0.008
0.009
0.002
0.002
-0.006
-0.007
-0.000
0.007
0.005
0.019
0.001
0.007
-0.003
-0.005
0.001
-0.017
-0.010
0.005
-0.012
0.003
-0.005
0.004
-0.012
-0.010
-0.001
-0.007
0.011
-0.011
-0.000
0.002
-0.020
0.006
-0.000
0.010
0.011
0.012
0.012
-0.003
0.013
0.004
0.004
0.003
0.002
0.009
0.008
0.014
0.005
-0.005
0.001
-0.000
-0.010
-0.003
0.003
0.002
0.001
0.008
-0.008
-0.008
-0.000
0.001
-0.006
-0.005
-0.004
-0.002
0.008
-0.007
-0.005
-0.003
0.007
0.008
0.009
0.011
0.004
0.012
0.005
0.005
0.005
-0.002
0.005
0.013
0.013
0.004
0.011
0.002
0.009
0.007
-0.002
-0.003
-0.005
0.010
0.009
0.001
0.000
0.008
0.001
0.002
0.003
-0.004
0.005
0.006
-0.000
-0.015
-0.007
0.002
0.002
0.001
0.017
0.064
-0.049
0.047
-0.050
0.037
-0.027
0.029
-0.002
0.023
-0.016
0.018
-0.004
0.005
-0.009
0.000
0.009
0.010
0.003
0.011
0.018
0.009
0.008
0.006
0.004
0.010
0.008
-0.018
0.012
-0.005
0.009
-0.000
-0.001
-0.001
-0.001
0.007
-0.001
0.000
-0.006
-0.005
-0.003
-0.001
0.000
0.002
0.003
0.013
0.005
0.006
-0.002
0.013
-0.012
0.003
0.009
0.007
0.005
0.002
-0.000
0.005
0.003
-0.007
-0.009
-0.002
-0.002
-0.011
0.006
-0.002
-0.008
-0.007
-0.013
-0.003
-0.000
-0.006
-0.003
0.007
0.010
0.005
0.015
0.010
0.004
0.014
0.008
0.010
-0.004
0.021
0.022
-0.002
0.014
0.014
0.013
0.020
0.011
0.017
0.007
0.013
0.010
-0.000
-0.011
0.002
0.006
0.003
-0.001
0.003
-0.016
-0.012
-0.001
-0.013
-0.024
-0.012
-0.015
-0.002
-0.020
-0.014
-0.016
-0.024
-0.016
-0.023
-0.029
-0.018
-0.015
-0.002
-0.006
-0.008
0.014
-0.020
0.027
-0.039
0.015
-0.003
0.051
-0.024
0.053
-0.023
0.045
0.016
0.058
-0.004
0.076
-0.003
0.053
-0.004
0.034
-0.009
0.036
0.000
0.036
0.007
0.026
0.004
0.015
0.009
0.003
-0.002
-0.007
-0.011
0.002
-0.017
-0.018
-0.012
-0.012
-0.003
-0.018
-0.008
-0.014
-0.012
-0.009
-0.015
-0.012
-0.001
0.002
0.004
0.006
0.008
0.002
0.003
0.004
0.005
-0.011
-0.003
0.005
0.012
0.019
0.010
0.008
-0.001
0.006
0.004
-0.005
-0.006
0.001
0.001
0.008
-0.008
0.000
0.001
0.001
0.002
-0.005
0.004
-0.003
-0.002
-0.001
-0.000
0.009
0.001
0.010
0.011
0.012
0.004
-0.011
0.005
-0.003
0.005
0.004
0.003
0.010
0.009
0.008
-0.001
0.006
0.005
-0.004
0.003
-0.006
0.002
0.002
0.002
0.002
-0.013
0.004
0.005
0.007
0.000
0.002
0.004
0.005
-0.009
0.001
0.010
0.011
0.012
0.013
0.006
0.014
0.005
0.005
0.003
-0.006
-0.000
0.006
0.011
0.008
0.005
0.002
-0.001
0.005
-0.006
-0.008
-0.009
-0.010
-0.003
-0.011
-0.011
-0.018
-0.001
0.000
-0.006
-0.013
-0.003
-0.001
0.001
0.003
-0.011
-0.002
0.000
0.010
0.003
0.012
0.013
-0.011
-0.003
-0.004
0.003
0.002
0.000
0.006
0.012
0.010
0.008
-0.002
0.004
-0.013
-0.014
-0.008
-0.016
0.007
-0.009
-0.008
-0.008
-0.007
0.018
0.004
-0.003
-0.009
-0.007
0.003
-0.018
-0.000
0.002
0.004
0.014
0.008
0.018
0.011
0.005
0.006
-0.001
0.024
0.000
-0.008
0.040
-0.024
0.054
-0.051
0.051
-0.031
0.038
-0.005
0.001
-0.003
0.002
-0.001
-0.012
0.001
-0.018
0.012
-0.013
0.001
-0.024
-0.000
-0.025
-0.017
-0.025
-0.009
-0.033
0.031
-0.033
0.023
-0.024
-0.000
-0.024
-0.008
-0.016
-0.008
-0.016
0.008
-0.000
-0.008
-0.016
-0.000
-0.016
0.008
-0.023
-0.014
0.036
-0.034
0.008
0.027
-0.009
-0.013
0.047
-0.036
0.009
0.021
-0.022
0.031
0.027
-0.001
0.035
0.014
0.040
0.017
0.034
0.019
0.018
0.025
0.016
0.014
0.004
0.025
0.029
0.009
0.021
0.001
0.005
0.009
0.005
-0.007
-0.002
-0.005
-0.007
-0.001
-0.010
-0.011
-0.011
-0.011
-0.003
-0.010
-0.009
-0.017
-0.017
-0.009
-0.018
-0.012
-0.006
-0.009
0.003
-0.018
-0.016
-0.031
-0.024
-0.016
-0.042
-0.020
-0.047
-0.034
-0.037
-0.048
-0.051
-0.061
-0.054
-0.070
-0.068
-0.065
-0.067
-0.051
-0.065
-0.052
-0.061
-0.051
-0.038
-0.055
-0.037
-0.025
-0.018
0.014
0.016
0.028
0.033
0.054
0.068
0.081
0.094
0.098
0.117
0.117
0.147
0.142
0.119
0.171
0.124
0.185
0.170
0.126
0.183
0.156
0.118
0.108
0.166
0.014
0.155
0.078
0.023
0.070
0.004
-0.039
0.005
-0.056
-0.061
-0.058
-0.086
-0.113
-0.100
-0.157
-0.140
-0.152
-0.194
-0.168
-0.187
-0.211
-0.182
-0.205
-0.216
-0.191
-0.185
-0.175
-0.168
-0.166
-0.152
-0.150
-0.121
-0.106
-0.095
-0.067
-0.054
-0.015
-0.008
0.016
0.030
0.060
0.073
0.076
0.109
0.115
0.134
0.151
0.139
0.148
0.169
0.170
0.191
0.160
0.173
0.157
0.138
0.147
0.144
0.123
0.107
0.097
0.086
0.073
0.052
0.031
0.035
0.016
-0.001
-0.017
-0.046
-0.041
-0.065
-0.070
-0.072
-0.072
-0.060
-0.070
-0.061
-0.074
-0.068
-0.069
-0.067
-0.056
-0.060
-0.038
-0.032
-0.018
-0.011
-0.004
0.002
-0.000
0.021
0.016
0.018
0.027
0.034
0.039
0.026
0.043
0.043
0.033
0.053
0.040
0.049
0.018
0.033
0.024
-0.002
0.004
0.002
-0.000
-0.003
-0.012
-0.014
-0.023
-0.024
-0.025
-0.040
-0.047
-0.037
-0.034
-0.046
-0.040
-0.034
-0.042
-0.049
-0.039
-0.043
-0.039
-0.033
-0.034
-0.019
-0.026
-0.009
-0.016
-0.006
0.004
-0.001
0.009
0.011
0.022
0.031
0.033
0.035
0.035
0.043
0.075
0.010
0.047
0.052
0.031
0.106
0.051
0.051
0.026
0.079
0.003
0.086
0.032
0.008
0.064
0.031
0.030
0.004
0.033
-0.009
0.021
-0.021
0.001
-0.024
-0.008
-0.015
-0.006
-0.043
-0.023
-0.043
-0.021
-0.046
-0.038
-0.037
-0.028
-0.017
-0.013
-0.025
-0.028
-0.015
-0.018
-0.028
-0.014
-0.016
-0.003
0.010
-0.001
0.011
0.006
0.009
0.011
0.004
0.013
0.005
0.012
0.019
0.010
0.016
-0.002
0.011
0.009
0.014
0.004
0.001
-0.001
-0.002
-0.004
-0.005
-0.006
-0.007
0.009
0.009
-0.007
-0.006
-0.005
-0.003
-0.001
-0.007
0.003
0.005
0.007
0.001
0.003
0.005
0.007
0.009
0.002
0.011
0.011
0.012
0.012
0.011
0.003
0.010
0.010
0.017
0.016
-0.001
0.007
0.006
0.006
0.005
-0.003
-0.003
0.014
0.022
0.006
0.007
0.008
0.000
0.001
-0.007
0.001
0.009
0.001
0.016
0.007
0.006
0.005
0.003
0.009
-0.009
0.005
-0.005
-0.007
0.006
0.005
-0.005
-0.007
-0.008
-0.001
-0.010
-0.011
-0.011
-0.012
-0.004
-0.012
0.005
-0.011
-0.002
-0.000
-0.007
0.003
-0.011
-0.009
0.001
-0.005
0.006
-0.000
0.002
0.012
0.006
0.015
-0.000
0.000
0.008
0.007
0.006
-0.003
0.010
0.008
0.005
0.001
-0.003
0.002
-0.002
-0.006
-0.001
0.004
-0.022
-0.007
-0.008
-0.008
-0.007
-0.013
-0.003
-0.016
-0.004
-0.008
-0.003
0.003
0.000
0.006
0.004
0.018
0.024
0.022
0.027
0.008
0.028
0.023
0.018
0.020
0.020
0.012
0.067
0.010
0.023
0.044
0.008
0.036
0.047
-0.021
0.022
-0.007
0.020
-0.016
0.011
-0.034
0.017
-0.011
0.008
-0.020
-0.001
-0.029
0.007
-0.037
-0.016
-0.036
-0.014
-0.041
0.004
-0.046
-0.008
-0.050
-0.012
-0.038
-0.023
-0.040
-0.017
-0.017
-0.017
-0.024
-0.023
-0.022
-0.020
-0.033
-0.022
-0.026
-0.014
-0.002
0.003
-0.000
-0.027
0.034
0.008
-0.035
0.018
0.024
-0.003
0.010
0.048
-0.011
0.042
0.031
0.012
0.065
0.029
0.034
0.030
0.034
0.029
0.023
0.033
0.035
0.060
0.036
0.044
0.052
0.035
0.050
0.032
0.031
0.021
0.034
0.032
0.014
0.019
0.016
0.036
0.024
0.020
0.024
-0.005
0.006
0.000
0.010
-0.004
-0.001
0.001
-0.004
-0.009
-0.013
-0.017
-0.020
-0.014
-0.007
-0.016
0.032
-0.078
0.019
-0.074
0.017
-0.044
0.015
-0.013
0.015
-0.022
0.013
-0.008
0.002
-0.011
-0.002
0.007
0.008
0.000
0.008
0.015
0.006
0.004
0.003
0.001
0.007
0.005
-0.021
0.009
-0.008
0.006
-0.003
-0.004
-0.004
-0.004
0.004
-0.003
-0.002
-0.009
-0.007
-0.006
-0.004
-0.002
-0.000
0.002
0.011
0.005
0.006
-0.001
0.016
-0.008
0.008
0.000
0.008
-0.001
0.014
0.013
0.003
0.002
0.000
-0.001
0.005
-0.005
-0.006
-0.008
0.015
-0.002
-0.003
-0.003
-0.004
-0.004
-0.011
-0.003
-0.002
-0.000
0.002
-0.004
-0.002
-0.000
0.002
0.005
0.007
0.009
0.003
0.004
0.005
-0.002
0.006
0.006
0.013
0.012
0.010
0.008
0.006
0.003
0.009
-0.002
-0.004
-0.006
0.001
0.016
-0.001
-0.010
-0.010
-0.001
-0.009
-0.016
0.001
-0.006
0.004
0.005
-0.002
-0.000
0.001
0.003
0.004
-0.003
0.006
0.007
-0.008
0.009
0.009
0.001
-0.008
0.008
0.015
0.005
0.004
0.002
0.000
-0.001
-0.003
0.003
-0.007
-0.000
-0.002
-0.003
-0.004
-0.013
-0.005
-0.005
-0.006
-0.006
-0.005
-0.013
-0.004
-0.004
-0.011
-0.002
-0.001
0.000
0.009
-0.006
-0.004
-0.011
-0.003
-0.002
-0.001
-0.009
-0.001
0.015
0.007
0.006
-0.002
-0.003
0.004
-0.005
-0.006
-0.008
-0.009
-0.002
0.005
0.004
-0.005
0.002
-0.006
-0.015
-0.007
-0.007
-0.007
-0.006
-0.005
-0.004
-0.003
-0.009
0.033
-0.005
-0.019
0.016
-0.038
0.035
-0.035
0.022
-0.009
0.007
0.023
0.014
-0.011
0.011
0.017
-0.042
0.028
0.001
-0.010
-0.028
0.050
-0.048
0.031
-0.017
-0.009
0.007
0.008
-0.038
0.012
-0.042
0.016
-0.021
0.005
-0.017
0.025
0.002
0.011
0.012
-0.012
0.004
0.004
-0.005
0.003
-0.007
0.008
0.007
0.005
0.003
-0.006
0.000
-0.001
-0.003
-0.012
-0.013
-0.006
0.009
0.000
-0.016
-0.008
0.000
-0.015
0.001
-0.014
-0.005
-0.004
-0.011
-0.002
-0.009
0.000
0.001
0.002
0.002
0.003
-0.004
-0.012
0.004
-0.004
-0.004
0.003
-0.005
0.002
0.009
-0.009
-0.002
-0.004
0.002
-0.008
-0.026
-0.012
0.002
0.000
0.007
-0.017
-0.010
-0.002
-0.017
-0.008
-0.015
-0.005
-0.011
-0.008
-0.014
-0.011
0.015
-0.007
0.003
0.013
-0.018
0.015
-0.016
0.008
0.023
-0.033
0.022
0.021
-0.013
-0.038
0.080
-0.074
0.036
0.018
-0.040
0.007
0.005
-0.044
0.027
-0.013
-0.013
0.011
-0.012
-0.011
0.015
-0.024
-0.006
-0.004
-0.010
-0.008
0.002
0.004
0.006
0.007
0.008
0.009
0.002
0.002
-0.007
-0.007
-0.000
0.006
0.005
0.019
0.001
0.007
-0.003
-0.005
0.001
-0.017
-0.011
0.004
-0.013
0.003
-0.005
0.003
-0.012
-0.011
-0.002
-0.008
0.010
-0.012
-0.001
0.001
-0.021
0.005
-0.001
0.009
0.010
0.011
0.011
-0.004
0.012
0.003
0.003
0.002
0.001
0.008
0.006
0.013
0.003
-0.006
0.000
-0.001
-0.011
-0.005
0.002
0.001
-0.000
0.007
-0.009
-0.009
-0.001
-0.000
-0.007
-0.006
-0.005
-0.003
0.006
-0.008
-0.007
-0.005
0.004
0.005
0.006
0.006
