-0.010
-0.010
-0.002
0.002
-0.003
0.013
0.008
0.009
0.010
0.005
0.004
0.004
0.010
0.002
0.007
0.011
0.009
-0.000
-0.003
0.006
-0.003
-0.019
0.016
-0.051
0.016
-0.025
-0.015
-0.004
-0.032
-0.033
-0.047
0.022
-0.075
-0.005
-0.018
-0.037
-0.037
-0.010
-0.034
-0.026
-0.023
-0.027
-0.017
-0.020
-0.024
-0.014
-0.011
-0.008
-0.012
0.003
0.005
0.006
0.001
0.021
-0.004
0.003
0.023
0.010
0.017
0.016
0.003
0.015
0.008
0.007
0.012
0.005
-0.003
0.009
0.001
-0.006
-0.000
-0.014
-0.014
-0.001
-0.014
-0.001
-0.007
-0.012
0.001
-0.004
0.003
-0.002
-0.007
0.013
0.007
0.014
0.009
0.009
0.009
0.010
0.010
0.010
0.010
0.022
0.016
0.022
0.015
0.008
0.020
0.000
0.006
-0.001
-0.002
0.016
0.002
0.001
-0.000
-0.001
-0.002
-0.008
-0.002
-0.002
-0.008
-0.001
-0.014
-0.006
-0.006
-0.005
0.003
0.017
0.005
-0.001
0.006
0.007
-0.012
0.014
0.001
0.032
0.006
0.057
-0.052
0.088
-0.053
0.048
-0.036
0.034
-0.031
0.033
-0.025
0.013
0.000
0.007
-0.019
0.014
-0.005
-0.004
-0.003
-0.003
-0.002
0.005
-0.000
0.000
0.001
0.014
0.015
0.015
0.009
0.009
0.016
0.009
0.022
0.003
0.023
0.023
0.029
0.009
0.015
0.009
0.008
0.001
0.020
0.006
0.011
0.011
0.010
0.004
0.003
-0.003
-0.003
0.010
0.005
0.006
0.001
0.002
0.010
0.006
0.014
0.009
0.017
0.030
0.019
0.019
0.020
0.032
0.019
0.025
0.024
0.022
0.033
0.031
0.023
0.020
0.005
0.008
-0.001
0.003
-0.000
-0.010
-0.013
-0.009
-0.012
-0.021
-0.023
-0.024
-0.026
-0.026
-0.033
-0.033
-0.025
-0.031
-0.023
-0.028
-0.026
-0.017
-0.009
-0.013
-0.011
-0.015
0.006
-0.005
0.004
-0.000
0.008
0.029
0.018
0.020
0.016
0.011
0.019
0.014
0.022
0.017
0.018
0.032
0.026
0.020
0.020
0.020
0.014
0.019
0.018
0.018
0.017
0.016
0.008
0.020
0.013
0.013
0.006
0.018
0.011
0.011
0.010
0.003
0.008
0.007
0.006
0.004
0.009
0.013
0.004
-0.004
-0.006
-0.015
-0.011
-0.007
-0.015
-0.018
-0.027
-0.029
-0.031
-0.033
-0.029
-0.031
-0.040
-0.043
-0.046
-0.043
-0.053
-0.056
-0.054
-0.065
-0.063
-0.074
-0.072
-0.071
-0.081
-0.085
-0.082
-0.085
-0.074
-0.081
-0.080
-0.090
-0.080
-0.076
-0.082
-0.068
-0.059
-0.049
-0.025
-0.019
-0.012
0.002
0.005
0.033
0.042
0.058
0.075
0.085
0.114
0.118
0.146
0.155
0.157
0.190
0.196
0.213
0.209
0.222
0.239
0.234
0.232
0.227
0.224
0.219
0.190
0.184
0.162
0.125
0.098
0.075
0.038
0.018
-0.014
-0.053
-0.085
-0.123
-0.153
-0.182
-0.209
-0.233
-0.256
-0.282
-0.306
-0.315
-0.320
-0.343
-0.336
-0.346
-0.339
-0.335
-0.327
-0.322
-0.308
-0.283
-0.261
-0.229
-0.208
-0.183
-0.144
-0.116
-0.081
-0.046
-0.010
0.018
0.057
0.095
0.117
0.150
0.167
0.182
0.212
0.220
0.238
0.240
0.239
0.260
0.247
0.251
0.240
0.238
0.235
0.224
0.210
0.188
0.171
0.159
0.132
0.112
0.084
0.062
0.047
0.026
0.005
-0.021
-0.033
-0.056
-0.077
-0.091
-0.102
-0.105
-0.112
-0.118
-0.128
-0.136
-0.130
-0.122
-0.118
-0.114
-0.114
-0.100
-0.084
-0.080
-0.069
-0.050
-0.038
-0.026
-0.013
-0.001
0.010
0.021
0.037
0.039
0.046
0.046
0.057
0.035
0.088
0.057
0.030
0.066
0.069
0.090
-0.044
0.083
-0.061
0.057
-0.062
0.048
-0.085
0.006
-0.094
-0.002
-0.121
-0.053
-0.118
-0.048
-0.110
-0.075
-0.103
-0.084
-0.089
-0.079
-0.088
-0.082
-0.081
-0.066
-0.050
-0.047
-0.030
-0.025
-0.007
0.005
0.010
0.009
0.033
0.036
0.045
0.054
0.067
0.067
0.078
0.082
0.084
0.079
0.073
0.078
0.082
0.073
0.075
0.058
0.072
0.060
0.054
0.054
0.042
0.042
0.036
0.023
0.023
0.010
0.017
-0.002
-0.001
-0.006
-0.018
-0.010
-0.022
-0.033
-0.030
-0.047
-0.050
-0.053
-0.049
-0.051
-0.052
-0.046
-0.053
-0.046
-0.058
-0.057
-0.042
-0.053
-0.044
-0.034
-0.037
-0.020
-0.029
-0.018
-0.014
-0.016
0.001
-0.014
0.029
-0.032
0.042
0.012
0.008
0.035
0.004
0.005
0.011
0.075
-0.028
0.042
0.035
0.009
-0.005
0.038
-0.020
0.017
0.009
0.001
0.013
0.005
-0.010
-0.005
-0.013
-0.009
-0.004
-0.012
0.000
-0.007
-0.001
-0.007
-0.012
-0.004
-0.002
0.007
0.003
0.007
0.029
0.013
0.023
0.020
0.023
0.025
0.021
0.029
0.024
0.025
0.032
0.025
0.030
0.029
0.028
0.019
0.023
0.020
0.005
0.008
-0.002
0.001
-0.002
-0.005
-0.007
-0.003
0.008
0.006
-0.007
-0.008
0.005
-0.008
-0.007
-0.006
-0.005
-0.004
-0.003
0.011
-0.001
0.006
-0.000
-0.006
0.013
0.000
0.000
0.006
0.006
0.012
0.012
0.012
-0.001
-0.001
0.005
-0.001
-0.001
-0.000
0.000
0.001
0.002
0.003
0.004
0.005
0.007
0.008
0.003
-0.003
0.005
0.012
-0.000
0.013
0.006
0.006
0.019
0.012
0.011
0.010
0.003
0.009
0.008
0.008
0.007
0.013
0.006
0.018
0.005
0.005
0.011
0.005
0.006
0.000
0.001
0.009
0.011
0.006
0.015
0.017
0.014
0.024
0.027
0.025
0.029
0.027
0.037
0.041
0.051
0.054
0.051
0.052
0.059
0.059
0.051
0.049
0.052
0.047
0.035
0.036
0.030
0.030
0.024
0.011
0.005
-0.002
-0.008
-0.020
-0.025
-0.024
-0.035
-0.033
-0.037
-0.040
-0.050
-0.059
-0.048
-0.056
-0.057
-0.058
-0.057
-0.056
-0.062
-0.047
-0.051
-0.060
-0.038
-0.035
-0.032
-0.041
-0.030
-0.020
-0.016
-0.018
-0.014
-0.004
0.005
0.009
0.018
0.001
0.010
0.026
0.009
0.044
0.008
0.043
0.014
0.030
0.007
0.043
0.007
0.030
0.039
0.042
0.031
0.033
0.054
0.036
0.044
0.044
0.057
0.051
0.057
0.057
0.050
0.049
0.054
0.040
0.057
0.042
0.046
0.055
0.039
0.034
0.036
-0.001
0.038
0.007
-0.018
0.015
0.003
-0.015
-0.052
0.020
-0.047
-0.018
-0.034
-0.016
-0.075
-0.031
-0.070
0.012
-0.090
-0.001
-0.078
-0.014
-0.079
-0.003
-0.093
-0.024
-0.083
-0.014
-0.085
-0.029
-0.068
-0.031
-0.044
-0.012
-0.043
-0.035
-0.046
-0.031
-0.041
-0.031
-0.040
-0.023
-0.024
-0.019
-0.014
-0.021
-0.003
-0.010
-0.004
0.001
-0.001
0.010
0.021
0.024
0.033
0.023
0.038
0.040
0.048
0.042
0.049
0.049
0.049
0.048
0.041
0.046
0.044
0.048
0.039
0.036
0.019
0.021
0.023
-0.001
0.014
0.002
-0.015
0.006
-0.018
-0.015
-0.013
-0.022
-0.024
-0.026
-0.028
-0.029
-0.029
-0.023
-0.029
-0.028
-0.034
-0.028
-0.021
-0.021
-0.027
-0.027
-0.021
-0.034
-0.008
-0.053
0.004
-0.022
-0.009
0.011
-0.015
-0.027
-0.040
0.044
-0.045
-0.013
0.007
-0.018
-0.024
0.022
-0.035
-0.008
-0.013
-0.017
-0.003
-0.000
-0.017
-0.001
-0.005
-0.003
-0.001
0.001
-0.004
0.009
0.010
0.010
0.010
0.009
0.008
0.008
0.006
0.005
0.010
0.015
0.008
0.006
-0.002
-0.009
-0.004
-0.006
-0.007
-0.008
-0.009
-0.003
-0.010
-0.009
-0.009
-0.020
-0.012
-0.011
-0.009
-0.006
-0.004
-0.002
-0.000
0.001
0.009
0.003
0.010
0.010
0.023
0.003
0.003
0.015
0.001
0.013
0.006
0.011
0.017
0.003
0.015
0.001
0.006
0.005
-0.009
-0.004
-0.005
0.001
-0.000
0.006
-0.008
-0.008
-0.008
-0.014
-0.008
-0.020
-0.013
-0.013
-0.007
-0.007
-0.013
-0.007
-0.014
-0.008
-0.008
-0.008
-0.009
-0.009
0.003
-0.011
-0.011
-0.011
0.026
-0.012
-0.012
-0.005
0.008
0.009
-0.003
-0.007
0.001
0.010
0.006
0.003
0.005
0.008
0.023
0.019
0.015
0.016
0.010
0.023
0.014
0.013
0.026
0.012
0.005
0.005
0.005
-0.001
0.005
-0.001
0.006
0.001
0.008
0.009
-0.003
0.005
0.006
0.000
0.014
0.002
0.008
0.008
0.001
0.013
0.012
0.011
0.015
0.014
0.011
0.015
0.007
0.004
0.001
0.004
-0.005
-0.008
0.008
0.005
-0.004
-0.007
0.004
0.002
-0.011
-0.012
-0.018
-0.005
-0.004
-0.010
-0.002
-0.013
-0.010
-0.002
-0.006
-0.003
-0.001
-0.005
-0.002
0.000
-0.003
0.005
0.001
0.003
0.005
0.012
0.006
0.006
0.005
0.004
0.002
-0.000
0.003
0.013
-0.002
0.008
-0.007
-0.009
0.002
-0.005
-0.006
-0.006
-0.005
0.002
-0.009
-0.007
-0.005
0.003
-0.001
0.002
0.004
0.006
0.002
0.010
0.005
0.000
0.014
0.001
0.007
0.013
-0.000
0.005
-0.003
0.002
-0.000
-0.009
-0.004
-0.006
-0.002
-0.004
-0.012
-0.008
-0.009
-0.004
-0.011
-0.012
-0.012
-0.012
0.001
-0.004
-0.009
-0.002
-0.006
0.002
-0.002
0.000
0.002
-0.002
0.006
-0.005
0.002
0.003
0.004
0.011
-0.002
0.011
-0.003
-0.003
0.002
0.000
0.005
0.003
-0.006
-0.001
0.003
-0.006
-0.001
-0.009
-0.011
-0.012
-0.012
-0.012
-0.012
-0.005
-0.003
-0.007
-0.005
-0.003
-0.007
0.002
0.005
0.000
-0.004
0.004
-0.000
0.007
0.001
0.008
0.015
0.002
0.014
-0.006
-0.008
0.003
-0.005
-0.001
-0.016
-0.006
0.005
-0.004
-0.012
-0.007
-0.015
-0.009
-0.003
-0.015
-0.020
-0.012
-0.004
-0.008
-0.005
0.010
-0.012
0.042
-0.045
0.022
-0.045
0.053
-0.053
0.051
-0.043
0.041
-0.035
0.061
-0.042
0.034
-0.018
0.024
-0.023
0.019
-0.029
0.018
-0.050
0.035
-0.008
-0.018
-0.009
0.013
0.003
-0.063
0.018
-0.028
-0.028
0.017
-0.008
-0.013
0.002
-0.009
0.013
-0.010
0.018
-0.011
0.004
0.001
0.003
0.012
0.007
0.003
0.011
0.013
0.014
0.009
0.003
0.003
0.010
-0.003
-0.003
0.002
0.002
0.007
-0.007
-0.001
-0.009
-0.009
-0.010
-0.010
-0.016
-0.016
0.011
-0.007
-0.005
0.003
-0.007
0.008
0.003
0.012
-0.005
-0.004
0.011
-0.001
0.006
0.006
0.012
0.019
0.005
0.011
0.003
0.002
0.000
0.005
0.003
0.001
0.012
0.010
0.002
0.012
0.004
0.002
0.006
0.003
-0.005
-0.002
-0.004
0.006
0.003
0.013
0.010
-0.000
0.003
0.005
0.007
0.009
0.011
0.013
0.014
0.010
-0.001
0.020
-0.009
0.032
-0.009
0.009
0.020
0.001
0.007
0.009
-0.008
-0.050
0.031
-0.008
-0.034
0.032
-0.017
-0.025
0.025
-0.025
-0.004
0.005
-0.004
0.007
0.012
-0.002
0.022
0.001
0.010
0.012
0.006
0.005
0.008
0.014
0.024
0.013
0.005
0.013
0.006
0.015
0.009
0.007
0.015
0.009
0.008
0.012
-0.005
0.011
-0.000
-0.005
-0.009
-0.012
-0.002
-0.011
0.001
-0.012
-0.004
-0.007
-0.008
-0.007
-0.003
0.002
0.004
0.015
0.009
0.007
0.013
0.016
0.014
0.021
0.016
0.014
0.019
0.005
0.005
0.011
0.004
0.023
0.010
0.009
0.014
-0.001
-0.010
0.037
-0.025
0.059
-0.070
0.101
-0.042
0.049
-0.009
0.040
-0.027
0.037
-0.016
0.019
0.008
0.020
-0.014
0.014
0.016
-0.009
0.029
-0.003
0.016
0.003
-0.004
0.003
-0.003
-0.001
0.002
-0.014
0.017
-0.003
0.011
-0.005
0.018
0.004
0.010
0.005
0.002
0.012
0.029
0.016
0.029
0.010
0.024
0.012
0.007
0.014
0.014
0.015
0.021
0.013
0.018
0.016
0.006
0.014
0.009
0.009
0.002
-0.012
-0.008
-0.004
-0.002
-0.007
0.007
0.008
0.008
0.009
-0.004
0.015
0.003
-0.003
0.005
-0.000
0.008
0.023
0.019
0.023
0.021
0.019
0.019
0.012
0.012
0.025
0.013
0.027
0.016
0.018
0.015
0.011
0.008
-0.007
0.010
-0.004
-0.005
0.006
-0.001
-0.001
-0.014
-0.008
0.004
0.002
0.007
-0.001
0.003
0.012
0.008
0.004
0.005
0.007
0.014
0.014
0.008
0.013
0.012
0.016
0.014
0.012
0.002
0.005
0.002
0.010
0.005
0.007
0.002
0.003
0.004
0.011
-0.006
-0.005
-0.010
-0.008
0.001
-0.015
-0.011
0.006
0.004
-0.003
-0.010
-0.010
-0.002
-0.001
-0.005
-0.003
-0.001
0.015
0.011
0.002
0.005
0.001
0.004
0.006
-0.005
0.003
0.005
-0.000
0.001
0.001
0.001
-0.005
0.001
-0.006
-0.000
-0.014
-0.008
-0.003
-0.004
-0.011
-0.006
-0.014
-0.002
-0.004
-0.005
-0.013
-0.015
-0.009
-0.010
-0.011
-0.005
-0.005
0.002
0.009
-0.002
-0.000
-0.011
0.011
-0.005
0.004
-0.000
0.002
0.005
0.007
0.008
0.003
-0.002
0.005
0.005
-0.001
-0.008
-0.008
-0.003
-0.010
-0.011
-0.005
-0.012
-0.001
0.005
-0.008
-0.009
-0.003
0.003
0.003
-0.004
-0.004
0.003
0.009
0.009
0.003
0.009
-0.004
0.009
0.003
0.003
0.009
0.003
0.002
0.002
0.002
0.001
-0.000
0.005
-0.002
-0.003
-0.011
-0.012
-0.006
-0.013
-0.007
-0.014
-0.008
-0.007
-0.001
-0.001
-0.007
-0.007
-0.007
-0.000
-0.007
-0.013
-0.000
-0.000
-0.000
-0.006
-0.006
-0.005
-0.004
-0.009
-0.001
-0.006
-0.005
0.010
0.005
0.006
0.007
0.009
0.010
0.004
0.011
0.004
0.004
0.010
0.010
0.009
0.002
0.007
0.018
0.010
0.009
0.001
-0.007
0.012
-0.002
-0.002
-0.002
-0.008
0.012
0.001
0.004
-0.006
-0.008
0.009
0.001
-0.001
0.010
-0.004
0.033
-0.034
0.028
-0.033
0.001
0.015
0.041
0.003
-0.004
0.020
0.005
-0.004
0.025
-0.016
0.031
0.002
0.024
-0.006
0.015
-0.022
0.025
-0.012
0.015
-0.009
0.006
-0.011
0.042
-0.012
-0.028
0.014
0.031
-0.027
-0.022
0.036
-0.028
0.011
0.024
0.013
0.008
-0.002
0.019
0.002
0.005
0.001
0.003
0.019
0.008
0.022
0.005
0.006
0.013
0.001
0.002
0.002
0.002
0.002
0.015
0.009
-0.004
0.003
0.010
0.004
-0.001
-0.012
-0.010
-0.008
-0.006
-0.009
0.000
-0.002
0.009
0.007
0.005
0.010
0.009
0.007
0.012
0.015
0.018
0.020
0.020
0.020
0.012
0.009
0.012
0.021
0.009
0.011
-0.001
-0.000
0.007
0.003
-0.008
0.001
0.004
-0.006
0.005
0.002
-0.006
-0.001
-0.015
-0.003
0.002
-0.005
0.007
-0.000
0.012
0.011
0.004
0.003
0.009
0.009
0.008
0.020
0.000
0.006
0.013
0.012
0.018
0.005
0.024
0.004
0.029
-0.023
0.027
0.007
0.013
0.031
-0.008
-0.015
-0.009
0.054
-0.047
0.018
-0.006
-0.023
-0.013
0.010
-0.030
0.001
0.007
-0.006
0.020
0.007
0.000
0.018
0.010
0.014
0.016
0.011
0.018
0.011
0.028
0.012
0.008
0.016
-0.001
0.006
-0.006
-0.011
0.003
-0.014
-0.006
-0.009
-0.006
-0.008
-0.009
-0.004
-0.010
-0.004
-0.010
-0.009
-0.002
-0.008
-0.007
0.018
-0.001
0.012
-0.001
-0.001
0.005
-0.008
0.004
-0.003
-0.010
0.009
0.003
0.003
-0.010
-0.004
0.003
-0.011
-0.011
-0.012
-0.001
-0.015
0.009
-0.025
0.011
-0.029
0.034
-0.083
0.057
-0.078
0.018
-0.039
0.000
-0.049
0.010
-0.045
0.009
-0.020
-0.004
-0.014
-0.011
-0.002
-0.012
0.004
-0.007
0.001
0.009
0.009
0.010
0.009
0.002
0.007
-0.008
0.016
-0.013
0.010
0.001
-0.002
-0.004
0.000
-0.008
0.010
-0.003
-0.003
-0.008
-0.013
-0.012
-0.010
-0.014
-0.006
0.003
-0.001
0.001
0.003
0.005
0.006
0.001
0.003
0.004
-0.008
0.005
0.012
0.012
0.011
-0.003
0.003
0.001
-0.001
0.003
-0.005
-0.008
-0.003
0.001
-0.014
-0.003
-0.011
-0.012
0.006
-0.014
-0.015
-0.015
-0.002
-0.009
-0.015
-0.008
-0.001
-0.007
-0.006
0.002
0.003
-0.009
-0.001
-0.006
0.007
-0.005
0.002
0.009
0.003
0.009
-0.004
0.003
0.002
0.002
0.001
0.001
0.001
0.007
0.013
-0.020
-0.020
-0.020
-0.014
-0.020
-0.014
-0.014
-0.014
-0.007
-0.007
-0.006
-0.012
-0.012
-0.004
-0.009
-0.008
-0.007
0.001
0.002
0.004
0.005
0.013
0.008
0.009
0.011
0.005
0.006
0.007
0.009
0.014
-0.000
0.017
-0.003
0.021
-0.032
0.018
-0.003
0.003
0.021
-0.017
-0.024
-0.017
0.048
-0.052
0.014
-0.009
-0.025
-0.015
0.008
-0.032
-0.002
0.004
-0.009
0.016
0.004
-0.002
0.018
0.012
0.019
0.026
0.026
0.038
0.037
0.060
0.050
0.052
0.066
0.053
0.065
0.056
0.052
0.066
0.047
0.053
0.045
0.043
0.034
0.024
0.020
0.004
-0.000
-0.017
-0.027
-0.031
-0.046
-0.055
-0.038
-0.064
-0.058
-0.077
-0.083
-0.081
-0.097
-0.088
-0.096
-0.104
-0.086
-0.092
-0.090
-0.100
-0.090
-0.079
-0.086
-0.080
-0.073
-0.053
-0.058
-0.024
-0.048
-0.001
-0.030
0.042
-0.064
0.085
-0.040
0.064
0.016
0.062
0.019
0.085
0.036
0.095
0.071
0.091
0.085
0.092
0.103
0.095
0.112
0.101
0.109
0.115
0.112
0.108
0.103
0.090
0.088
0.066
0.082
0.045
0.059
0.041
0.030
0.019
0.015
-0.001
0.010
-0.011
-0.018
-0.030
-0.041
-0.045
-0.048
-0.056
-0.051
-0.045
-0.051
-0.050
-0.048
-0.045
-0.042
-0.045
-0.040
-0.035
-0.043
-0.024
-0.013
-0.007
-0.002
-0.010
0.001
0.005
0.008
0.017
0.013
0.015
0.022
0.029
0.016
0.028
0.021
0.019
0.036
0.015
0.012
0.009
0.018
0.008
-0.002
0.001
0.005
-0.005
-0.007
-0.003
-0.005
-0.019
-0.014
-0.021
-0.008
-0.020
-0.013
-0.005
-0.010
-0.001
-0.011
-0.002
0.002
0.006
0.010
0.015
0.019
0.030
0.041
0.013
0.017
0.020
0.029
0.025
0.032
0.032
0.032
0.038
0.037
0.035
0.027
0.025
0.029
0.021
0.019
0.018
0.023
0.021
0.021
0.020
0.026
0.020
0.020
0.020
0.014
0.014
0.014
0.014
0.007
0.012
0.011
0.004
0.015
0.007
0.006
0.004
-0.005
-0.007
-0.010
-0.006
-0.015
-0.011
-0.007
-0.010
-0.018
-0.020
-0.009
-0.016
-0.030
0.009
-0.055
0.016
-0.021
-0.006
0.009
-0.014
-0.011
-0.021
0.052
-0.040
0.033
0.024
0.008
0.011
0.039
0.016
0.025
0.027
0.021
0.028
0.021
0.013
0.018
0.015
0.012
0.002
0.011
0.007
0.003
-0.007
0.008
-0.020
-0.017
0.000
-0.014
-0.009
-0.010
-0.023
-0.011
-0.017
-0.016
-0.009
-0.015
-0.020
-0.006
-0.011
-0.015
-0.007
-0.019
-0.017
-0.003
-0.015
-0.001
-0.006
-0.012
0.001
-0.005
0.001
-0.006
-0.013
0.005
-0.003
0.002
-0.005
-0.007
-0.008
-0.010
-0.011
-0.012
-0.013
-0.001
-0.008
-0.002
-0.008
-0.014
-0.000
-0.019
-0.011
-0.016
-0.014
0.007
-0.004
-0.002
-0.000
0.002
0.003
-0.001
0.006
0.007
0.002
0.009
-0.004
0.003
0.002
0.002
0.007
0.018
0.003
-0.005
-0.002
-0.004
-0.026
-0.004
-0.019
0.011
-0.017
0.034
-0.076
0.065
-0.075
0.029
-0.052
0.020
-0.041
0.025
-0.030
0.011
0.000
0.008
-0.016
0.017
-0.002
-0.002
-0.002
-0.003
-0.004
0.001
-0.007
-0.008
-0.010
0.001
-0.000
-0.001
-0.008
-0.009
-0.003
-0.009
0.004
-0.015
0.005
0.005
0.013
-0.006
0.002
-0.004
-0.003
-0.008
0.012
-0.000
0.007
0.008
0.009
0.003
0.004
-0.002
-0.001
0.012
0.006
0.006
0.000
-0.000
0.006
-0.001
0.005
-0.003
0.003
0.014
0.001
-0.001
-0.002
0.010
-0.003
0.003
0.004
0.004
0.018
0.020
0.016
0.018
0.008
0.017
0.013
0.022
0.024
0.019
0.020
0.027
0.027
0.019
0.018
0.015
0.013
0.010
-0.000
-0.004
-0.001
-0.011
-0.008
-0.017
-0.020
-0.016
-0.012
-0.021
-0.022
-0.031
-0.013
-0.027
-0.021
-0.028
-0.022
-0.003
-0.016
-0.016
-0.021
-0.027
-0.019
-0.024
-0.016
-0.021
-0.019
-0.004
-0.007
-0.011
-0.009
-0.006
-0.009
-0.000
0.002
0.004
0.007
0.008
0.003
0.017
0.011
0.011
0.005
0.017
0.010
0.010
0.009
0.002
0.008
0.007
0.007
0.008
0.015
0.022
0.016
0.011
0.013
0.008
0.015
0.023
0.017
0.018
0.011
0.011
0.010
0.008
0.013
0.011
0.001
-0.002
-0.006
-0.003
-0.014
-0.018
-0.015
-0.026
-0.023
-0.033
-0.029
-0.025
-0.033
-0.034
-0.028
-0.028
-0.015
-0.019
-0.017
-0.028
-0.018
-0.015
-0.024
-0.015
-0.011
-0.007
0.009
0.006
0.003
0.006
-0.005
0.010
0.006
0.007
0.008
0.002
0.014
0.000
0.012
0.004
-0.011
0.006
-0.003
0.001
-0.014
-0.010
0.001
-0.007
-0.008
-0.009
-0.004
0.003
-0.010
0.003
0.003
-0.008
-0.007
0.000
-0.004
0.010
0.012
0.007
0.009
0.004
0.006
0.008
0.009
0.010
0.011
0.005
-0.001
0.005
0.010
-0.003
0.008
0.000
0.005
0.003
0.001
-0.007
-0.008
-0.003
-0.004
0.002
-0.005
-0.012
-0.005
-0.011
-0.010
-0.009
-0.007
-0.012
-0.004
0.003
-0.002
0.006
0.001
-0.004
0.009
0.004
0.011
0.004
-0.002
0.016
0.002
0.007
-0.001
0.004
0.008
0.005
0.003
-0.005
-0.008
-0.003
-0.012
-0.013
-0.020
-0.021
-0.014
-0.013
-0.012
-0.016
-0.008
-0.011
-0.015
-0.012
-0.008
0.001
0.004
0.007
0.003
-0.001
0.007
0.014
0.015
0.015
0.008
0.013
0.018
0.011
0.009
0.013
0.011
0.009
0.008
0.006
0.004
0.003
0.008
-0.000
-0.001
-0.008
-0.002
-0.028
0.024
-0.008
-0.032
0.008
0.016
0.044
-0.082
0.055
-0.077
0.053
-0.054
0.070
-0.050
0.054
-0.035
0.068
-0.040
0.037
-0.022
0.055
-0.003
0.034
0.008
0.026
0.018
0.024
0.010
0.009
0.002
0.007
0.013
0.006
0.012
0.006
0.012
0.012
0.006
-0.007
0.006
0.000
0.001
0.001
0.009
0.004
0.012
0.014
0.016
0.012
0.007
0.016
0.024
0.020
0.028
0.016
0.036
0.030
0.029
0.035
0.027
0.031
0.029
0.020
0.024
0.014
0.024
0.008
0.012
0.009
0.000
0.011
0.002
-0.006
-0.002
-0.016
-0.017
-0.018
-0.012
-0.012
-0.013
-0.006
-0.012
-0.006
-0.018
-0.017
-0.004
-0.016
-0.008
-0.001
-0.006
0.009
-0.003
0.005
0.006
0.001
0.015
-0.004
0.036
-0.028
0.043
0.010
0.003
0.028
-0.005
-0.007
-0.002
0.060
-0.045
0.024
0.015
-0.012
-0.026
0.018
-0.040
-0.003
-0.009
-0.016
-0.003
-0.009
-0.021
-0.014
-0.020
-0.014
-0.007
-0.013
0.000
-0.006
0.001
-0.004
-0.010
-0.003
-0.002
0.005
0.000
0.001
0.022
0.004
0.011
0.006
0.007
0.008
0.002
0.009
0.003
0.003
0.009
0.003
0.009
0.008
0.008
0.001
0.006
0.005
-0.008
-0.003
-0.010
-0.005
-0.005
-0.006
-0.007
-0.001
0.012
0.012
-0.001
-0.000
0.013
0.001
0.002
0.003
0.004
0.005
0.005
0.018
0.006
0.012
0.005
-0.002
0.017
0.003
0.002
0.008
0.007
0.013
0.012
0.012
-0.001
-0.001
0.005
-0.001
-0.001
-0.001
-0.001
-0.000
0.001
0.002
0.002
0.004
0.005
0.006
0.001
-0.004
0.003
0.010
-0.002
0.012
0.005
0.005
0.018
0.011
0.011
0.010
0.003
0.009
0.008
0.007
0.007
0.012
0.005
0.017
0.004
0.003
0.009
0.002
0.002
-0.005
-0.006
-0.000
-0.001
-0.007
-0.001
-0.001
-0.007
0.000
0.001
-0.003
-0.002
-0.006
0.003
0.006
0.015
0.017
0.013
0.014
0.022
0.022
0.015
0.014
0.019
0.017
0.009
0.013
0.010
0.014
0.012
0.003
0.001
0.000
-0.001
-0.008
-0.008
-0.001
-0.007
0.000
0.001
0.002
-0.003
-0.008
0.006
0.001
0.002
0.003
0.005
0.006
0.000
0.014
0.008
-0.004
0.016
0.016
0.016
0.003
0.009
0.015
0.014
0.007
0.006
0.012
0.017
0.016
0.021
0.000
0.005
0.017
-0.004
0.027
-0.012
0.019
-0.013
-0.000
-0.025
0.007
-0.030
-0.009
-0.000
0.002
-0.008
-0.006
0.016
-0.001
0.007
0.009
0.023
0.017
0.023
0.022
0.015
0.013
0.018
0.002
0.018
0.002
0.006
0.016
-0.000
-0.003
0.002
-0.032
0.012
-0.014
-0.034
0.005
-0.000
-0.011
-0.041
0.037
-0.025
0.009
-0.001
0.020
-0.035
0.011
-0.026
0.057
-0.044
0.046
-0.030
0.033
-0.031
0.044
-0.046
0.018
