-0.011
-0.003
-0.002
-0.004
0.002
-0.008
-0.003
-0.003
0.001
0.000
-0.007
-0.004
-0.012
-0.010
-0.013
-0.016
-0.020
-0.024
-0.016
-0.030
-0.033
-0.036
-0.005
-0.040
-0.041
-0.035
-0.024
-0.024
-0.034
-0.038
-0.031
-0.023
-0.026
-0.029
-0.026
-0.022
-0.008
-0.009
-0.011
-0.006
-0.008
0.008
0.001
0.005
0.008
0.011
0.019
0.021
0.022
0.018
0.023
0.023
0.022
0.026
0.013
0.016
0.019
0.010
0.012
0.014
0.005
0.013
0.003
-0.000
-0.003
-0.006
-0.008
-0.009
-0.010
-0.009
-0.002
-0.005
-0.002
-0.003
-0.004
0.001
0.007
0.002
0.014
0.003
0.009
0.014
0.003
0.013
0.016
0.014
0.022
0.018
0.018
0.013
0.006
-0.001
0.012
0.003
0.005
-0.000
0.005
0.011
-0.001
-0.007
0.003
-0.004
-0.010
0.001
-0.016
-0.022
-0.005
-0.016
-0.009
-0.008
-0.011
0.002
-0.006
-0.002
-0.004
0.001
0.006
0.007
0.014
0.004
0.011
0.019
-0.002
0.012
0.008
0.010
0.006
0.014
0.010
0.000
-0.015
-0.018
0.000
0.047
-0.017
-0.007
-0.014
-0.004
-0.038
0.013
0.008
-0.013
0.010
0.012
-0.009
-0.019
0.015
-0.008
0.003
0.007
0.010
0.006
0.007
0.018
0.012
0.010
0.007
0.014
0.021
0.011
0.006
0.017
-0.000
-0.001
-0.002
0.003
0.008
0.002
0.002
-0.003
-0.008
-0.007
-0.010
-0.013
-0.015
-0.005
0.000
0.001
-0.003
-0.007
0.001
0.004
-0.003
-0.005
0.010
0.003
0.012
0.016
0.007
0.010
0.006
0.013
0.013
0.012
-0.000
-0.002
-0.011
-0.014
-0.007
-0.022
-0.021
-0.020
-0.020
-0.036
-0.035
-0.039
-0.043
-0.047
-0.044
-0.047
-0.048
-0.038
-0.027
-0.043
-0.041
-0.033
-0.035
-0.037
-0.005
-0.034
0.016
-0.040
0.016
-0.023
0.050
-0.035
0.049
-0.014
0.035
-0.006
0.036
-0.006
0.040
0.002
0.048
-0.008
0.042
0.008
0.024
-0.005
0.015
0.002
0.017
-0.002
0.002
0.005
0.009
0.006
0.005
-0.014
-0.016
-0.006
-0.041
0.003
-0.004
-0.032
-0.017
-0.001
-0.007
-0.047
-0.010
-0.006
-0.053
-0.016
-0.019
-0.039
-0.020
-0.040
-0.033
-0.037
-0.041
-0.051
-0.044
-0.048
-0.052
-0.061
-0.052
-0.055
-0.057
-0.059
-0.065
-0.049
-0.061
-0.060
-0.060
-0.065
-0.064
-0.063
-0.061
-0.065
-0.057
-0.054
-0.056
-0.053
-0.049
-0.060
-0.049
-0.049
-0.037
-0.035
-0.032
-0.006
-0.002
0.019
0.014
0.025
0.048
0.049
0.078
0.085
0.103
0.115
0.121
0.143
0.142
0.163
0.165
0.178
0.190
0.184
0.187
0.194
0.188
0.192
0.187
0.180
0.181
0.163
0.142
0.129
0.096
0.078
0.045
0.015
-0.012
-0.045
-0.080
-0.116
-0.146
-0.192
-0.225
-0.257
-0.286
-0.307
-0.330
-0.349
-0.364
-0.370
-0.394
-0.374
-0.401
-0.361
-0.357
-0.366
-0.321
-0.317
-0.293
-0.289
-0.192
-0.226
-0.168
-0.097
-0.092
-0.074
0.012
0.009
0.073
0.109
0.148
0.191
0.226
0.258
0.286
0.305
0.324
0.328
0.349
0.355
0.355
0.351
0.349
0.331
0.322
0.303
0.277
0.271
0.235
0.220
0.194
0.155
0.132
0.109
0.070
0.042
0.013
-0.020
-0.035
-0.061
-0.090
-0.112
-0.138
-0.150
-0.166
-0.178
-0.188
-0.200
-0.203
-0.198
-0.202
-0.163
-0.189
-0.174
-0.152
-0.156
-0.113
-0.136
-0.092
-0.086
-0.066
-0.050
-0.030
-0.015
0.006
0.021
0.032
0.050
0.053
0.069
0.069
0.083
0.077
0.082
0.077
0.077
0.069
0.068
0.051
0.055
0.031
0.032
0.011
0.002
-0.014
-0.022
-0.041
-0.048
-0.059
-0.070
-0.076
-0.085
-0.088
-0.093
-0.092
-0.093
-0.090
-0.093
-0.078
-0.079
-0.060
-0.054
-0.042
-0.030
-0.026
-0.004
0.002
0.011
0.025
0.034
0.048
0.066
0.079
0.086
0.084
0.104
0.107
0.112
0.108
0.111
0.112
0.110
0.106
0.094
0.095
0.088
0.085
0.072
0.060
0.046
0.040
0.036
0.012
0.021
0.012
-0.010
0.006
-0.022
-0.027
-0.025
-0.038
-0.041
-0.047
-0.051
-0.053
-0.056
-0.054
-0.064
-0.067
-0.073
-0.072
-0.065
-0.061
-0.067
-0.062
-0.058
-0.065
-0.041
-0.078
-0.019
-0.042
-0.022
-0.002
-0.018
-0.020
-0.028
0.052
-0.025
0.017
0.038
0.020
0.020
0.062
0.018
0.041
0.038
0.037
0.047
0.050
0.031
0.042
0.035
0.031
0.029
0.026
0.019
0.025
0.019
0.016
0.012
0.006
0.004
0.002
-0.002
0.001
0.003
0.008
0.001
-0.004
-0.004
-0.011
-0.004
-0.003
-0.000
0.006
0.010
0.021
0.013
0.019
0.020
0.014
0.023
0.027
0.032
0.033
0.034
0.032
0.034
0.028
0.032
0.023
0.027
0.019
0.020
0.016
0.009
0.018
0.000
-0.006
-0.008
0.022
-0.017
-0.017
0.007
-0.041
0.007
-0.031
-0.012
-0.022
-0.013
-0.009
0.003
-0.015
-0.005
0.007
-0.013
0.006
-0.016
0.008
-0.003
0.013
-0.002
0.015
-0.004
0.011
-0.002
0.024
-0.020
0.041
-0.014
0.017
0.006
0.001
-0.015
0.013
-0.046
0.048
-0.022
0.050
-0.011
0.007
0.003
-0.002
-0.016
0.000
0.019
0.009
0.010
0.023
0.020
0.005
0.006
0.011
0.006
0.008
0.007
0.013
0.014
0.005
0.012
0.011
0.016
-0.008
0.008
0.002
0.006
0.011
0.008
0.006
0.001
0.006
0.012
0.016
0.011
0.018
0.012
0.018
0.010
0.022
0.026
0.024
0.030
0.034
0.037
0.036
0.032
0.036
0.034
0.030
0.030
0.025
0.027
0.023
0.010
0.000
-0.005
-0.012
-0.014
-0.032
-0.038
-0.046
-0.049
-0.061
-0.065
-0.069
-0.064
-0.059
-0.069
-0.080
-0.078
-0.080
-0.085
-0.089
-0.074
-0.065
-0.065
-0.060
-0.054
-0.053
-0.045
-0.038
-0.036
-0.023
-0.021
-0.013
-0.006
0.006
0.006
0.012
0.017
0.022
0.026
0.029
0.037
0.050
0.040
0.051
0.040
0.039
0.050
0.043
0.043
0.042
0.041
0.046
0.034
0.035
0.035
0.041
0.037
0.038
0.039
0.040
0.035
0.041
0.036
0.030
0.040
0.027
0.031
0.034
0.020
0.023
0.013
0.015
0.010
-0.001
-0.002
-0.008
-0.010
-0.017
-0.030
-0.032
-0.039
-0.041
-0.054
-0.060
-0.066
-0.070
-0.063
-0.071
-0.078
-0.073
-0.078
-0.071
-0.074
-0.071
-0.068
-0.070
-0.061
-0.069
-0.060
-0.057
-0.054
-0.045
-0.054
-0.040
-0.049
-0.046
-0.038
-0.036
-0.028
-0.026
-0.029
-0.020
-0.012
-0.015
-0.006
-0.009
-0.006
-0.003
0.000
0.004
0.008
0.018
0.022
0.021
0.026
0.031
0.030
0.040
0.045
0.044
0.041
0.050
0.048
0.055
0.050
0.056
0.061
0.049
0.058
0.038
0.034
0.040
0.029
0.029
0.011
0.015
0.019
0.006
-0.007
-0.008
-0.021
-0.022
-0.022
-0.039
-0.048
-0.046
-0.042
-0.049
-0.049
-0.037
-0.058
-0.010
-0.085
-0.026
-0.083
0.005
-0.086
0.007
-0.073
0.003
-0.061
0.026
-0.061
0.008
-0.036
0.004
-0.034
0.005
-0.034
0.011
-0.046
0.031
-0.003
-0.010
-0.001
0.020
0.012
-0.045
0.026
-0.015
-0.016
0.022
-0.001
-0.007
0.005
-0.005
0.014
-0.007
0.018
-0.007
0.008
0.006
0.008
0.017
0.014
0.011
0.018
0.020
0.021
0.015
0.010
0.010
0.015
0.003
0.002
0.006
0.005
0.009
-0.004
0.000
-0.007
-0.009
-0.010
-0.011
-0.017
-0.018
0.005
-0.011
-0.010
-0.003
-0.011
0.002
-0.000
0.009
-0.005
-0.001
0.013
0.004
0.011
0.012
0.018
0.024
0.012
0.016
0.009
0.007
0.005
0.008
0.005
0.002
0.010
0.007
-0.001
0.007
-0.002
-0.005
-0.002
-0.006
-0.015
-0.012
-0.016
-0.008
-0.012
-0.004
-0.008
-0.017
-0.015
-0.013
-0.012
-0.010
-0.008
-0.005
-0.003
-0.006
-0.014
0.006
-0.017
0.021
-0.013
0.004
0.017
0.002
0.010
0.013
0.000
-0.034
0.038
0.005
-0.016
0.043
0.002
-0.005
0.040
-0.004
0.015
0.023
0.014
0.023
0.027
0.013
0.032
0.012
0.018
0.017
0.009
0.005
0.004
0.007
0.013
0.001
-0.007
-0.001
-0.008
0.000
-0.004
-0.005
0.004
0.001
0.002
0.008
-0.004
0.012
0.005
0.003
0.002
-0.000
0.009
0.002
0.012
-0.000
0.006
0.001
-0.002
-0.004
-0.003
-0.002
-0.003
0.003
-0.005
-0.010
-0.007
-0.008
-0.011
-0.007
-0.012
-0.015
-0.011
-0.023
-0.022
-0.015
-0.019
0.000
-0.010
-0.008
-0.002
-0.013
-0.020
0.023
-0.030
0.044
-0.068
0.082
-0.043
0.037
-0.013
0.031
-0.028
0.029
-0.017
0.013
0.003
0.013
-0.018
0.006
0.007
-0.016
0.017
-0.012
0.003
-0.008
-0.014
-0.008
-0.012
-0.010
-0.007
-0.019
0.008
-0.008
0.005
-0.009
0.011
-0.001
0.004
-0.000
-0.004
0.004
0.019
0.006
0.015
-0.002
0.008
-0.004
-0.011
-0.006
-0.007
-0.007
-0.003
-0.009
-0.005
-0.007
-0.015
-0.006
-0.009
-0.008
-0.012
-0.023
-0.018
-0.013
-0.010
-0.013
0.001
0.002
0.004
0.004
-0.006
0.011
0.000
-0.005
0.001
-0.004
0.002
0.014
0.009
0.011
0.007
0.004
0.002
-0.005
-0.006
0.005
-0.005
0.007
-0.002
0.001
-0.002
-0.004
-0.005
-0.018
-0.002
-0.014
-0.014
-0.002
-0.008
-0.008
-0.019
-0.013
-0.002
-0.002
0.004
-0.003
0.001
0.010
0.007
0.004
0.005
0.006
0.011
0.011
0.004
0.008
0.005
0.008
0.006
0.002
-0.007
-0.006
-0.010
-0.003
-0.008
-0.007
-0.011
-0.010
-0.008
-0.000
-0.015
-0.012
-0.014
-0.010
-0.000
-0.012
-0.007
0.009
0.009
0.004
-0.001
0.000
0.006
0.007
0.003
0.004
0.006
0.019
0.015
0.006
0.007
0.003
0.005
0.007
-0.003
0.003
0.004
-0.001
-0.001
-0.001
-0.002
-0.008
-0.003
-0.009
-0.004
-0.015
-0.010
-0.004
-0.003
-0.008
-0.002
-0.006
0.006
0.007
0.008
0.003
0.004
0.010
0.010
0.010
0.015
0.015
0.020
0.026
0.014
0.014
0.003
0.020
0.004
0.010
0.004
0.005
0.005
0.006
0.006
0.000
-0.005
0.001
0.001
-0.005
-0.010
-0.010
-0.003
-0.008
-0.008
-0.001
-0.006
0.006
0.013
0.002
0.003
0.010
0.015
0.016
0.010
0.010
0.015
0.020
0.019
0.013
0.017
0.005
0.015
0.009
0.008
0.013
0.007
0.006
0.006
0.006
0.006
0.005
0.011
0.005
0.005
-0.000
-0.001
0.005
-0.001
0.005
-0.001
0.005
0.005
0.011
0.011
0.006
0.007
0.007
0.013
0.008
0.003
0.014
0.014
0.014
0.008
0.007
0.006
0.005
-0.001
0.003
-0.003
-0.005
0.005
-0.001
-0.002
0.001
-0.000
-0.012
-0.013
-0.007
-0.012
0.001
0.003
-0.000
0.003
0.000
0.004
0.007
0.010
0.013
0.015
0.012
0.008
0.014
0.020
0.009
0.020
0.014
0.018
0.017
0.015
0.008
0.006
0.010
0.008
0.012
0.005
-0.002
0.002
-0.005
-0.007
-0.008
-0.009
-0.015
-0.009
-0.004
-0.009
-0.002
-0.007
-0.011
0.001
-0.003
0.005
0.001
-0.003
0.015
0.005
0.012
0.008
0.014
0.021
0.021
0.022
0.016
0.016
0.022
0.016
0.015
0.009
0.008
0.013
0.012
0.011
0.005
0.010
0.005
-0.001
-0.000
0.001
0.007
0.008
0.009
0.004
-0.001
0.005
0.010
0.010
0.008
0.001
0.005
0.009
0.002
0.000
0.004
0.002
0.001
-0.001
-0.002
-0.003
-0.003
0.002
-0.003
-0.003
-0.008
-0.001
-0.022
0.025
-0.001
-0.021
0.016
0.024
0.049
-0.060
0.060
-0.055
0.059
-0.036
0.071
-0.035
0.054
-0.026
0.062
-0.035
0.030
-0.023
0.041
-0.013
0.018
-0.007
0.008
-0.000
0.003
-0.009
-0.011
-0.017
-0.012
-0.006
-0.011
-0.004
-0.009
-0.002
0.000
-0.003
-0.012
0.001
-0.002
-0.000
0.002
0.009
0.005
0.013
0.014
0.015
0.010
0.004
0.010
0.015
0.008
0.012
-0.001
0.014
0.005
0.001
0.003
-0.006
-0.004
-0.008
-0.016
-0.013
-0.020
-0.010
-0.021
-0.015
-0.014
-0.018
-0.005
-0.008
-0.011
-0.003
-0.011
-0.009
-0.007
-0.000
0.001
0.002
0.008
0.002
0.008
-0.004
-0.005
0.006
-0.007
-0.003
0.001
-0.006
0.004
-0.009
-0.005
-0.007
-0.014
-0.005
-0.023
0.009
-0.049
0.011
-0.018
-0.024
-0.002
-0.030
-0.030
-0.024
0.032
-0.056
0.007
0.003
-0.017
-0.026
0.015
-0.033
0.003
-0.001
-0.005
0.007
0.002
-0.009
-0.004
-0.010
-0.005
-0.001
-0.009
0.001
-0.007
-0.003
-0.010
-0.018
-0.014
-0.015
-0.010
-0.016
-0.017
0.000
-0.016
-0.010
-0.015
-0.014
-0.013
-0.017
-0.010
-0.015
-0.014
-0.007
-0.011
-0.004
-0.003
-0.004
-0.002
-0.001
-0.006
0.001
-0.004
-0.003
0.003
0.003
0.003
-0.003
0.002
0.012
0.005
0.004
-0.003
-0.010
0.005
-0.007
-0.008
-0.009
-0.014
0.003
-0.006
-0.004
-0.013
-0.015
0.000
-0.006
-0.007
0.003
-0.008
0.024
-0.033
0.021
-0.032
-0.002
0.010
0.033
-0.001
-0.007
0.013
0.000
-0.008
0.017
-0.020
0.021
-0.006
0.013
-0.014
0.004
-0.029
0.011
-0.022
0.001
-0.020
-0.007
-0.022
0.025
-0.022
-0.035
0.003
0.019
-0.031
-0.025
0.026
-0.030
0.004
0.016
0.006
0.001
-0.009
0.009
-0.006
-0.004
-0.007
-0.005
0.009
0.001
0.015
0.001
0.004
0.012
0.003
0.005
0.007
0.008
0.010
0.022
0.017
0.007
0.013
0.020
0.015
0.010
0.000
0.001
0.002
0.003
-0.002
0.005
-0.000
0.007
0.002
-0.002
-0.000
-0.004
-0.008
-0.006
-0.004
-0.003
-0.001
0.000
0.001
-0.003
-0.003
0.002
0.012
0.006
0.010
0.002
0.005
0.014
0.011
0.002
0.011
0.013
0.005
0.013
0.010
0.002
0.005
-0.009
0.000
0.003
-0.005
0.004
-0.004
0.005
0.003
-0.004
-0.006
-0.002
-0.003
-0.004
0.006
-0.011
-0.006
0.000
0.000
0.006
-0.005
0.013
-0.004
0.019
-0.025
0.020
0.004
0.010
0.027
-0.005
-0.010
-0.003
0.054
-0.034
0.024
0.004
-0.011
-0.004
0.015
-0.021
0.003
0.005
-0.009
0.010
-0.005
-0.015
-0.002
-0.011
-0.010
-0.009
-0.014
-0.007
-0.012
0.006
-0.005
-0.004
0.008
-0.003
0.009
0.003
0.003
0.020
0.008
0.018
0.017
0.020
0.017
0.014
0.015
0.006
0.007
-0.003
-0.007
-0.005
-0.014
-0.016
0.004
-0.015
-0.005
-0.016
-0.016
-0.010
-0.020
-0.007
-0.011
-0.015
0.003
-0.000
0.002
-0.008
-0.001
0.006
-0.004
-0.004
-0.003
0.008
-0.003
0.019
-0.009
0.024
-0.010
0.046
-0.055
0.068
-0.049
0.035
-0.015
0.019
-0.025
0.025
-0.026
0.019
-0.010
0.000
-0.012
-0.014
-0.010
-0.022
-0.012
-0.025
-0.019
-0.014
-0.013
-0.013
-0.011
-0.015
-0.007
-0.016
0.009
-0.012
0.012
0.007
0.008
0.008
0.013
0.006
0.021
0.008
0.006
-0.002
-0.010
-0.013
-0.016
-0.023
-0.020
-0.016
-0.022
-0.023
-0.023
-0.022
-0.021
-0.025
-0.022
-0.020
-0.029
-0.015
-0.006
-0.004
-0.002
-0.012
-0.006
-0.005
-0.006
-0.001
-0.007
-0.009
-0.005
-0.001
-0.014
-0.005
-0.012
-0.014
0.001
-0.016
-0.017
-0.018
-0.007
-0.014
-0.020
-0.015
-0.010
-0.016
-0.017
-0.012
-0.013
-0.025
-0.020
-0.026
-0.015
-0.027
-0.021
-0.015
-0.020
-0.013
-0.022
-0.014
-0.011
-0.008
-0.004
-0.001
0.003
0.012
0.021
-0.004
-0.001
0.001
0.008
0.004
0.009
0.009
0.008
0.012
0.010
0.008
0.000
-0.002
0.001
-0.008
-0.010
-0.012
-0.007
-0.009
-0.009
-0.009
-0.003
-0.007
-0.005
-0.004
-0.007
-0.005
-0.003
-0.001
-0.005
0.003
0.004
-0.000
0.012
0.006
0.007
0.006
0.000
-0.000
-0.002
0.002
-0.005
-0.001
0.002
-0.001
-0.009
-0.011
-0.002
-0.010
-0.023
0.010
-0.047
0.014
-0.020
-0.009
0.003
-0.019
-0.018
-0.028
0.035
-0.048
0.015
0.006
-0.009
-0.008
0.016
-0.004
0.003
0.005
0.001
0.008
0.003
-0.001
0.005
0.004
0.004
-0.003
0.006
0.004
0.002
-0.006
0.008
-0.017
-0.014
0.001
-0.012
-0.007
-0.008
-0.020
-0.009
-0.013
-0.012
-0.005
-0.008
-0.011
0.003
0.000
-0.002
0.006
-0.002
0.000
0.014
0.005
0.017
0.013
0.008
0.020
0.014
0.019
0.012
0.005
0.021
0.013
0.017
0.010
0.008
0.005
0.003
0.001
-0.001
-0.003
0.007
-0.000
0.004
-0.002
-0.008
0.003
-0.014
-0.007
-0.012
-0.011
0.008
-0.001
0.001
0.004
0.007
0.010
0.008
0.018
0.022
0.021
0.031
0.024
0.033
0.037
0.040
0.048
0.060
0.050
0.044
0.048
0.045
0.024
0.042
0.025
0.046
0.016
0.053
-0.051
0.063
-0.069
0.011
-0.071
-0.018
-0.083
-0.035
-0.093
-0.066
-0.084
-0.083
-0.109
-0.084
-0.102
-0.103
-0.102
-0.101
-0.099
-0.091
-0.093
-0.088
-0.083
-0.067
-0.060
-0.053
-0.050
-0.041
-0.026
-0.021
0.002
-0.004
0.025
0.036
0.054
0.048
0.064
0.068
0.077
0.079
0.102
0.097
0.108
0.113
0.116
0.114
0.116
0.112
0.114
0.126
0.120
0.120
0.113
0.110
0.112
0.101
0.101
0.088
0.085
0.086
0.064
0.051
0.038
0.036
0.010
0.002
-0.011
-0.024
-0.025
-0.036
-0.052
-0.060
-0.078
-0.078
-0.087
-0.084
-0.085
-0.091
-0.090
-0.082
-0.079
-0.080
-0.075
-0.069
-0.063
-0.056
-0.054
-0.046
-0.033
-0.030
-0.017
-0.016
-0.009
0.003
0.014
0.014
0.018
0.015
0.035
0.025
0.032
0.026
0.032
0.047
0.035
0.033
0.026
0.018
0.021
0.012
0.015
0.006
0.003
0.011
0.002
-0.006
-0.009
-0.012
-0.019
-0.015
-0.016
-0.016
-0.016
-0.015
-0.019
-0.006
-0.009
-0.007
-0.009
0.006
0.003
0.007
0.011
0.008
0.017
0.020
0.023
0.026
0.033
0.040
0.036
0.032
0.032
0.026
0.031
0.036
0.029
0.027
0.020
0.018
0.015
0.013
0.016
0.013
0.005
0.003
0.001
0.004
-0.003
-0.005
-0.001
-0.008
-0.004
-0.011
-0.008
-0.004
-0.011
-0.014
-0.010
-0.013
-0.003
-0.011
-0.012
-0.025
-0.021
-0.022
-0.034
-0.029
-0.030
-0.030
-0.019
-0.024
-0.029
-0.028
-0.038
-0.026
-0.030
-0.028
-0.025
-0.029
-0.015
-0.023
-0.009
-0.011
-0.019
0.000
-0.003
0.005
-0.004
0.004
0.016
0.012
0.012
0.013
0.018
0.023
0.011
0.019
0.012
0.016
0.014
-0.001
0.001
-0.009
-0.008
-0.013
-0.018
-0.023
-0.021
-0.014
-0.017
-0.031
-0.033
-0.023
-0.035
-0.035
-0.034
-0.033
-0.032
-0.031
-0.018
-0.028
-0.021
-0.026
-0.030
-0.013
-0.023
-0.022
-0.015
-0.014
-0.007
-0.005
-0.004
-0.013
-0.012
-0.005
-0.009
-0.008
-0.007
-0.006
-0.006
-0.006
-0.006
-0.006
-0.006
-0.006
-0.006
-0.012
-0.018
-0.013
-0.007
-0.019
-0.008
-0.013
-0.013
-0.002
-0.007
-0.007
-0.006
-0.011
-0.005
-0.004
-0.003
-0.002
0.005
0.000
0.012
0.002
0.003
0.009
0.003
0.003
-0.002
-0.003
0.002
0.002
-0.005
-0.000
-0.001
-0.008
-0.004
-0.006
-0.013
-0.014
-0.021
-0.016
-0.017
-0.012
-0.011
-0.016
-0.015
-0.009
-0.007
-0.011
-0.009
-0.002
-0.001
-0.005
0.002
0.003
0.009
0.009
0.003
0.002
0.002
0.001
-0.005
-0.006
-0.001
-0.007
-0.002
-0.002
-0.001
-0.006
-0.011
0.001
-0.003
-0.001
-0.000
0.001
0.002
-0.002
0.009
0.004
-0.007
0.010
0.010
0.010
-0.002
0.003
0.007
0.006
-0.000
-0.001
0.003
0.008
0.007
0.012
-0.006
-0.000
0.011
-0.006
0.023
-0.010
0.019
-0.007
0.006
-0.015
0.015
-0.017
0.001
0.008
0.009
-0.002
-0.001
0.016
-0.000
0.006
0.006
0.017
0.011
0.017
0.016
0.010
0.009
0.013
-0.001
0.014
-0.001
0.001
0.009
-0.007
-0.011
-0.010
-0.042
-0.006
-0.032
-0.051
-0.020
-0.026
-0.038
-0.066
0.002
-0.053
-0.023
-0.032
-0.012
-0.060
-0.018
-0.049
0.026
-0.061
0.020
-0.045
0.013
-0.041
0.027
-0.050
0.013
-0.037
0.026
-0.035
0.016
-0.017
0.017
0.007
0.037
0.010
0.017
0.008
0.021
0.012
0.019
0.009
0.022
0.017
0.018
0.018
0.007
0.018
0.006
0.006
0.005
-0.002
0.003
0.007
0.006
0.011
-0.001
0.008
0.007
0.011
0.004
0.007
0.005
0.003
0.001
-0.007
-0.004
-0.006
-0.004
-0.012
-0.015
-0.028
-0.026
-0.023
-0.042
-0.027
-0.034
-0.047
-0.025
-0.042
-0.036
-0.029
-0.033
-0.031
-0.028
-0.025
-0.021
-0.017
-0.008
-0.009
-0.006
-0.008
0.001
0.010
0.012
0.008
0.009
0.016
0.005
0.027
-0.013
0.036
0.012
0.021
0.036
0.011
-0.002
-0.016
0.055
-0.026
0.000
0.016
-0.008
-0.014
0.025
-0.025
-0.002
-0.006
-0.010
0.003
0.005
-0.010
0.004
0.000
0.002
0.003
0.004
-0.000
0.011
0.012
0.012
0.011
0.011
0.010
0.009
0.008
0.007
0.011
0.016
0.009
0.008
0.001
-0.005
-0.001
-0.002
-0.003
-0.004
-0.004
0.001
-0.005
-0.005
-0.005
-0.016
-0.010
-0.009
-0.009
-0.008
-0.008
-0.007
-0.006
-0.005
0.002
-0.002
0.004
0.005
0.017
0.000
0.001
0.012
0.001
0.012
0.006
0.011
0.016
0.003
0.013
-0.000
0.004
0.002
-0.011
-0.008
-0.009
-0.005
-0.006
-0.002
-0.001
0.000
-0.011
-0.015
0.019
-0.048
-0.008
0.009
-0.025
0.001
0.027
0.009
0.030
-0.022
0.048
-0.011
0.025
0.009
0.027
0.021
0.026
0.025
0.018
0.033
0.003
0.023
0.003
0.006
0.004
0.007
-0.007
0.013
-0.000
0.009
-0.004
-0.005
-0.006
-0.006
-0.006
-0.005
-0.003
0.004
0.007
-0.018
0.019
0.000
-0.013
0.018
0.022
0.003
-0.016
0.048
-0.016
0.020
0.032
0.016
0.028
0.022
0.032
0.014
0.001
0.015
0.018
0.015
0.017
0.014
0.022
0.007
0.010
0.001
-0.001
0.003
0.007
-0.006
-0.001
-0.002
0.009
0.004
0.004
0.005
0.000
0.007
0.004
0.006
0.004
0.012
0.021
0.007
0.021
0.019
0.015
0.023
0.025
0.031
0.014
0.018
0.016
0.008
0.010
0.011
0.001
0.002
-0.003
-0.003
-0.014
-0.013
-0.017
-0.010
-0.025
-0.022
-0.030
-0.038
-0.022
-0.034
-0.034
-0.027
-0.026
-0.019
-0.017
-0.015
-0.024
-0.021
-0.012
-0.014
-0.011
-0.008
-0.005
-0.002
0.001
0.004
0.006
0.008
0.010
0.011
0.006
0.001
0.006
0.012
-0.001
0.009
0.001
-0.001
0.007
-0.002
-0.005
-0.008
-0.017
-0.014
-0.017
-0.019
-0.021
-0.016
-0.022
-0.011
-0.021
-0.020
-0.013
-0.016
-0.014
-0.017
-0.014
-0.006
-0.004
-0.007
0.001
0.003
-0.000
0.007
0.009
0.005
0.006
0.002
0.008
0.008
0.014
0.014
0.008
0.007
0.012
0.010
0.004
0.002
0.006
0.005
-0.003
0.001
-0.000
0.004
0.003
-0.003
-0.004
-0.004
-0.004
-0.010
-0.009
-0.003
-0.007
-0.000
0.001
0.003
-0.001
-0.005
0.008
0.004
0.005
0.006
0.007
0.008
0.002
0.014
0.008
-0.004
0.012
0.011
0.010
-0.003
0.002
0.006
0.004
-0.003
-0.005
-0.001
0.003
0.001
0.006
-0.012
-0.007
0.004
-0.012
0.017
-0.015
0.015
-0.011
0.002
-0.018
0.013
-0.018
0.000
0.008
0.009
-0.001
-0.001
0.016
-0.001
0.004
0.003
0.013
0.006
0.010
0.009
0.001
-0.000
0.004
-0.009
0.007
-0.006
-0.001
0.009
-0.003
-0.004
0.001
-0.028
0.011
-0.012
-0.028
0.005
0.000
-0.011
-0.037
0.031
-0.023
0.007
-0.002
0.018
-0.030
0.013
-0.018
0.058
-0.029
0.052
-0.013
0.043
-0.013
0.053
-0.028
0.031
-0.023
0.034
-0.032
0.013
-0.025
0.005
-0.010
0.015
-0.015
-0.010
-0.021
-0.009
-0.019
-0.011
-0.019
-0.005
-0.007
-0.004
-0.001
-0.009
0.005
-0.004
-0.002
-0.001
-0.006
0.000
0.006
0.005
0.010
-0.002
0.007
0.006
0.010
0.002
0.007
0.005
0.005
0.004
-0.003
0.002
0.001
0.006
-0.001
-0.002
-0.014
-0.010
-0.006
-0.025
-0.010
-0.017
-0.029
-0.007
-0.024
-0.017
-0.010
-0.019
-0.011
-0.007
0.008
0.001
-0.000
0.003
0.007
0.004
0.011
0.006
0.012
0.006
0.010
0.008
-0.006
-0.004
-0.007
-0.016
-0.008
-0.023
-0.020
-0.023
-0.031
-0.021
-0.023
-0.023
-0.018
-0.018
-0.017
-0.010
-0.015
-0.014
-0.013
-0.007
-0.012
-0.013
0.004
0.003
-0.004
-0.006
0.004
0.003
-0.009
-0.011
-0.016
-0.006
-0.006
-0.013
-0.006
-0.021
