0.020
-0.000
0.015
-0.029
0.007
0.008
-0.022
0.027
-0.012
0.012
-0.002
-0.009
0.001
-0.004
-0.000
0.005
-0.013
0.026
0.003
0.021
0.001
0.030
0.012
0.020
0.014
0.009
0.021
0.042
0.024
0.040
0.016
0.032
0.017
0.010
0.018
0.019
0.019
0.026
0.017
0.022
0.019
0.007
0.017
0.010
0.010
0.000
-0.018
-0.015
-0.012
-0.010
-0.018
-0.002
-0.002
-0.003
-0.004
-0.021
0.002
-0.015
-0.023
-0.015
-0.022
-0.012
0.006
0.002
0.006
0.003
0.002
0.001
-0.007
-0.006
0.012
-0.002
0.017
0.005
0.010
0.007
0.005
0.003
-0.015
0.007
-0.010
-0.011
0.004
-0.005
-0.007
-0.024
-0.018
-0.005
-0.008
-0.004
-0.016
-0.012
-0.001
-0.007
-0.013
-0.011
-0.009
-0.000
0.001
-0.007
0.001
0.001
0.008
0.007
0.005
-0.005
0.000
-0.003
0.009
0.005
0.008
0.003
0.005
0.007
0.017
-0.005
-0.003
-0.009
-0.007
0.004
-0.005
-0.006
0.010
-0.006
-0.013
-0.012
-0.011
-0.017
-0.007
-0.012
-0.002
-0.008
0.003
0.005
-0.009
0.001
0.002
-0.005
0.012
-0.004
0.003
0.002
-0.008
0.006
0.003
0.001
0.006
0.003
-0.000
0.004
-0.007
-0.010
-0.013
-0.009
-0.020
-0.022
-0.001
-0.003
-0.013
-0.015
0.000
-0.000
-0.016
-0.015
-0.022
-0.005
-0.002
-0.008
0.003
-0.011
-0.008
0.004
-0.001
0.002
0.004
-0.001
0.001
0.002
-0.004
0.005
-0.003
-0.003
-0.004
0.002
-0.007
-0.009
-0.012
-0.015
-0.017
-0.020
-0.014
-0.001
-0.018
-0.003
-0.020
-0.019
-0.002
-0.009
-0.007
-0.004
-0.001
0.011
-0.001
0.003
0.008
0.020
0.016
0.020
0.024
0.027
0.022
0.033
0.027
0.020
0.037
0.021
0.028
0.035
0.017
0.023
0.012
0.017
0.013
0.001
0.005
0.001
0.005
0.001
-0.011
-0.007
-0.010
-0.005
-0.015
-0.017
-0.019
-0.020
-0.005
-0.013
-0.020
-0.012
-0.018
-0.009
-0.015
-0.013
-0.011
-0.016
-0.006
-0.019
-0.009
-0.007
-0.005
0.005
-0.010
0.007
-0.009
-0.008
-0.001
-0.001
0.006
0.005
-0.003
0.004
0.012
0.004
0.012
0.005
0.006
0.007
0.009
0.011
0.014
0.025
0.027
0.023
0.026
0.029
0.025
0.036
0.039
0.034
0.029
0.040
0.034
0.045
0.039
0.049
0.059
0.044
0.062
0.039
0.041
0.057
0.050
0.058
0.042
0.057
0.072
0.062
0.052
0.057
0.045
0.049
0.052
0.031
0.017
0.019
0.020
0.005
-0.003
0.005
-0.035
0.020
-0.100
-0.029
-0.126
-0.015
-0.160
-0.041
-0.170
-0.075
-0.180
-0.068
-0.204
-0.116
-0.186
-0.136
-0.196
-0.143
-0.200
-0.135
-0.212
-0.094
-0.134
-0.131
-0.101
-0.053
-0.043
-0.102
0.025
-0.007
0.018
0.100
0.095
0.113
0.154
0.163
0.210
0.199
0.250
0.227
0.257
0.261
0.270
0.285
0.280
0.273
0.279
0.274
0.267
0.249
0.228
0.212
0.202
0.165
0.143
0.126
0.100
0.080
0.035
0.014
-0.023
-0.052
-0.080
-0.107
-0.139
-0.162
-0.150
-0.191
-0.205
-0.208
-0.232
-0.221
-0.231
-0.222
-0.243
-0.237
-0.213
-0.220
-0.201
-0.189
-0.167
-0.144
-0.145
-0.120
-0.111
-0.093
-0.075
-0.049
-0.031
-0.013
0.020
0.036
0.044
0.073
0.078
0.088
0.104
0.110
0.105
0.115
0.114
0.127
0.122
0.130
0.121
0.102
0.097
0.091
0.084
0.075
0.066
0.056
0.046
0.028
0.003
0.019
-0.027
0.015
-0.044
-0.029
-0.020
-0.048
-0.042
-0.041
-0.061
-0.111
-0.007
-0.052
-0.079
0.008
-0.046
-0.050
0.020
-0.036
-0.002
0.017
0.013
0.034
0.046
0.035
0.070
0.048
0.064
0.069
0.063
0.062
0.065
0.072
0.083
0.065
0.052
0.057
0.043
0.049
0.035
0.026
0.030
0.016
0.007
0.005
-0.022
-0.010
-0.030
-0.041
-0.052
-0.063
-0.055
-0.070
-0.060
-0.079
-0.071
-0.077
-0.079
-0.078
-0.074
-0.066
-0.062
-0.047
-0.051
-0.052
-0.041
-0.034
-0.032
-0.020
-0.020
-0.019
-0.007
-0.019
-0.013
0.001
-0.001
0.029
0.018
0.022
0.033
0.019
0.011
0.074
-0.001
0.106
-0.053
0.161
-0.019
0.095
0.022
0.082
-0.004
0.074
0.007
0.031
0.034
0.038
0.033
0.021
0.024
0.003
0.015
0.002
-0.002
0.002
-0.009
-0.012
-0.015
-0.018
-0.020
-0.021
-0.014
-0.022
-0.022
-0.030
-0.029
-0.020
-0.027
-0.018
-0.025
-0.016
-0.015
-0.005
-0.004
-0.011
-0.009
-0.008
0.002
-0.005
-0.011
0.006
0.008
0.009
0.002
0.003
0.003
0.003
-0.005
0.002
-0.007
-0.009
0.005
-0.005
-0.008
-0.010
-0.012
-0.015
-0.025
-0.019
-0.028
-0.030
-0.023
-0.024
-0.025
-0.033
-0.025
-0.009
-0.016
-0.015
-0.021
-0.027
-0.001
-0.014
-0.011
-0.007
-0.011
0.018
0.006
0.011
0.000
-0.003
0.018
0.007
0.004
0.017
-0.003
0.041
-0.044
0.030
-0.048
-0.007
0.009
0.040
-0.009
-0.019
0.010
-0.009
-0.020
0.016
-0.036
0.024
-0.012
0.015
-0.021
0.006
-0.038
0.021
-0.023
0.012
-0.016
0.003
-0.017
0.050
-0.018
-0.038
0.015
0.035
-0.039
-0.034
0.036
-0.046
0.001
0.017
0.001
-0.006
-0.021
0.005
-0.017
-0.014
-0.019
-0.017
0.002
-0.011
0.008
-0.014
-0.012
-0.002
-0.016
-0.014
-0.013
-0.011
-0.010
0.007
0.001
-0.014
-0.004
0.005
-0.001
-0.008
-0.022
-0.021
-0.020
-0.019
-0.026
-0.018
-0.025
-0.016
-0.024
-0.031
-0.030
-0.037
-0.043
-0.041
-0.039
-0.036
-0.033
-0.030
-0.027
-0.032
-0.028
-0.017
0.002
-0.003
0.007
0.000
0.010
0.027
0.028
0.021
0.037
0.046
0.038
0.053
0.053
0.037
0.043
0.065
0.064
0.054
0.044
0.043
0.049
0.047
0.038
0.036
0.035
0.049
0.040
0.022
0.022
0.012
0.011
0.010
-0.007
-0.001
-0.002
-0.011
-0.013
-0.014
-0.015
-0.024
-0.017
-0.026
-0.019
-0.036
-0.028
-0.021
-0.022
-0.031
-0.025
-0.035
-0.021
-0.023
-0.026
-0.037
-0.040
-0.035
-0.037
-0.040
-0.034
-0.035
-0.027
-0.019
-0.035
-0.033
-0.047
-0.020
-0.041
-0.029
-0.032
-0.027
-0.021
-0.015
-0.008
-0.010
-0.011
0.004
0.011
0.010
0.009
0.015
0.028
0.024
0.028
0.039
0.032
0.049
0.057
0.041
0.040
0.046
0.052
0.050
0.040
0.041
0.046
0.027
0.040
0.045
0.033
0.046
0.035
0.047
0.044
0.033
0.029
0.034
0.030
0.027
0.039
0.012
0.017
0.022
0.018
0.016
0.004
0.010
0.015
0.011
0.008
0.004
-0.009
-0.006
-0.027
-0.001
-0.038
-0.011
-0.024
-0.029
-0.033
-0.028
-0.039
-0.017
-0.033
-0.033
-0.040
-0.046
-0.044
-0.041
-0.046
-0.034
-0.021
-0.025
-0.019
-0.014
-0.009
-0.004
-0.006
-0.001
0.004
-0.007
0.014
0.025
0.029
0.031
0.018
0.027
0.028
0.028
0.035
0.026
0.024
0.031
0.036
0.018
0.016
0.038
0.012
0.042
-0.024
0.039
0.014
0.021
0.045
-0.003
-0.010
-0.001
0.080
-0.046
0.037
0.008
-0.013
-0.001
0.027
-0.024
0.012
0.017
-0.002
0.026
0.006
-0.006
0.013
-0.001
0.001
0.002
-0.006
0.001
-0.008
0.013
-0.005
-0.009
0.004
-0.016
-0.004
-0.015
-0.019
0.001
-0.018
-0.005
-0.007
-0.001
-0.003
-0.004
0.003
-0.005
0.003
-0.005
-0.005
0.004
-0.004
-0.004
0.029
0.005
0.021
0.005
0.005
0.012
-0.004
0.011
0.002
-0.008
0.015
0.005
0.004
-0.013
-0.007
-0.000
-0.017
-0.018
-0.019
-0.004
-0.020
0.011
-0.029
0.019
-0.028
0.052
-0.090
0.087
-0.079
0.043
-0.027
0.024
-0.037
0.037
-0.032
0.035
-0.002
0.016
0.002
0.004
0.013
-0.002
0.015
0.015
0.006
0.005
0.028
0.002
0.001
0.000
0.015
0.006
-0.004
0.003
0.010
0.001
0.001
0.008
0.007
-0.009
-0.002
-0.010
0.005
-0.011
-0.004
0.004
-0.005
0.002
-0.015
-0.008
-0.008
-0.009
-0.009
-0.009
-0.008
0.000
0.010
-0.029
-0.027
-0.024
-0.014
-0.020
-0.010
-0.008
-0.007
0.002
0.003
0.003
-0.005
-0.005
0.003
-0.006
-0.006
-0.013
0.019
0.019
-0.014
-0.031
0.014
-0.021
-0.009
-0.006
-0.004
-0.011
-0.012
0.003
-0.007
-0.010
-0.013
-0.001
0.011
-0.002
-0.007
0.011
-0.010
-0.007
-0.005
0.006
0.016
0.011
0.014
0.009
0.004
0.008
0.004
0.001
-0.002
0.011
0.018
0.016
0.008
-0.000
0.008
0.009
-0.005
-0.011
0.007
-0.007
0.004
0.006
-0.008
-0.005
-0.011
-0.000
0.002
0.004
-0.009
-0.007
-0.013
-0.012
0.006
-0.009
-0.000
0.008
0.016
-0.001
0.006
0.004
0.002
-0.001
0.004
0.001
-0.002
0.011
0.024
-0.003
-0.006
0.000
-0.009
-0.019
0.020
-0.028
0.037
-0.050
0.024
-0.038
0.061
-0.064
0.052
-0.040
0.028
-0.032
0.027
-0.033
0.034
-0.019
0.047
-0.031
0.043
-0.004
0.021
-0.019
0.013
-0.003
0.020
-0.004
0.003
0.010
0.017
0.017
0.016
-0.008
-0.009
0.008
-0.041
0.025
0.017
-0.025
-0.001
0.022
0.013
-0.044
0.011
0.018
-0.047
0.008
0.006
-0.019
0.012
-0.014
0.001
-0.001
-0.002
-0.012
0.003
0.001
0.000
-0.009
0.007
0.006
0.006
0.006
-0.002
0.022
0.007
0.007
0.008
0.001
0.001
0.002
0.003
-0.004
0.005
0.007
0.001
0.002
0.004
-0.018
-0.008
-0.014
-0.004
-0.011
-0.018
0.007
-0.001
0.015
-0.009
-0.009
0.006
-0.011
0.013
0.004
0.011
0.010
0.001
0.016
-0.001
0.013
0.004
0.010
0.017
-0.001
-0.003
0.003
-0.006
-0.000
-0.001
-0.003
0.012
0.004
-0.004
0.003
-0.013
-0.004
-0.012
-0.012
-0.003
-0.002
-0.002
-0.001
0.008
-0.007
-0.007
-0.006
-0.005
0.004
0.004
0.005
0.005
0.014
-0.010
0.021
-0.019
0.028
0.019
-0.014
0.025
-0.000
-0.002
-0.035
0.059
-0.038
-0.007
0.041
-0.008
-0.040
0.025
-0.039
-0.006
-0.014
-0.013
-0.004
-0.003
-0.002
-0.001
-0.007
-0.006
-0.022
-0.005
-0.004
-0.004
-0.004
0.004
-0.004
0.003
0.003
-0.006
0.017
0.000
0.015
0.014
-0.002
0.005
0.012
-0.005
-0.005
-0.006
-0.014
0.001
0.001
-0.007
-0.007
-0.015
-0.008
-0.008
-0.008
-0.009
-0.017
-0.017
-0.010
-0.018
0.030
-0.018
-0.010
0.006
-0.018
0.022
-0.033
0.007
-0.008
-0.005
-0.007
-0.004
-0.006
-0.000
0.000
-0.004
0.003
-0.009
0.000
-0.010
0.002
-0.011
-0.006
-0.011
-0.007
-0.012
-0.005
-0.017
0.003
-0.016
0.001
-0.011
-0.012
-0.004
-0.004
-0.003
-0.002
0.008
0.001
0.003
0.005
-0.001
0.000
0.002
0.003
-0.004
0.005
0.005
-0.003
0.012
0.003
0.002
0.000
-0.009
-0.011
-0.013
-0.007
-0.017
-0.011
-0.005
-0.006
-0.016
-0.017
-0.003
-0.012
-0.028
0.019
-0.061
0.028
-0.020
-0.003
0.014
-0.017
-0.015
-0.030
0.060
-0.059
0.031
0.016
-0.006
-0.005
0.028
-0.002
0.006
0.007
-0.000
0.008
-0.001
-0.009
-0.002
-0.004
-0.006
-0.016
-0.002
-0.004
-0.007
-0.017
0.005
-0.029
-0.022
0.000
-0.016
-0.008
-0.008
-0.023
-0.006
-0.012
-0.011
-0.001
-0.007
-0.013
0.004
-0.002
-0.009
-0.000
-0.016
-0.015
0.001
-0.016
-0.000
-0.008
-0.017
-0.001
-0.010
-0.002
-0.011
-0.019
0.004
-0.004
0.004
-0.005
-0.005
-0.005
-0.005
-0.005
-0.006
-0.006
0.010
0.002
0.010
0.002
-0.006
0.010
-0.014
-0.007
-0.015
-0.015
0.008
-0.008
-0.009
-0.009
-0.009
-0.009
-0.017
-0.009
-0.009
-0.016
-0.008
-0.023
-0.014
-0.013
-0.013
-0.004
0.012
-0.004
-0.012
-0.003
-0.003
-0.027
0.005
-0.012
0.028
-0.004
0.059
-0.077
0.099
-0.077
0.051
-0.053
0.036
-0.044
0.036
-0.037
0.011
-0.005
0.003
-0.030
0.010
-0.014
-0.015
-0.015
-0.016
-0.016
-0.009
-0.017
-0.017
-0.017
-0.000
0.000
0.001
-0.006
-0.006
0.003
-0.004
0.013
-0.010
0.014
0.015
0.023
-0.001
0.007
-0.002
-0.002
-0.011
0.012
-0.004
0.004
0.003
0.004
-0.004
-0.004
-0.012
-0.011
0.005
-0.002
-0.002
-0.009
-0.009
-0.001
-0.008
-0.000
-0.008
-0.001
0.015
-0.002
-0.002
-0.003
0.013
-0.004
0.004
0.004
0.004
0.020
0.021
0.013
0.014
-0.002
0.007
-0.001
0.008
0.008
0.000
0.001
0.009
0.009
0.001
0.001
0.001
0.002
0.002
-0.005
-0.005
0.004
-0.004
0.005
-0.003
-0.003
0.005
0.013
0.004
0.004
-0.005
0.018
0.001
0.008
-0.000
0.007
0.030
0.014
0.015
0.007
-0.001
0.008
0.001
0.009
0.002
0.003
0.019
0.011
0.004
0.003
0.003
-0.005
0.003
0.002
0.001
0.000
-0.001
-0.009
0.006
-0.002
-0.002
-0.010
0.006
-0.001
-0.001
-0.000
-0.008
0.001
0.001
0.002
0.002
0.011
0.019
0.011
0.004
0.004
-0.004
0.004
0.012
0.004
0.004
-0.004
-0.005
-0.005
-0.005
0.003
0.003
-0.005
-0.005
-0.005
0.003
-0.006
-0.014
0.002
0.001
0.001
0.000
-0.000
-0.000
-0.000
-0.000
0.000
0.009
0.018
0.010
0.011
0.004
-0.003
0.005
0.005
0.005
0.005
0.005
0.013
0.006
0.006
0.007
-0.009
0.000
0.001
0.001
0.001
0.001
0.001
0.000
-0.001
0.005
-0.004
0.002
-0.001
0.013
-0.013
-0.015
-0.001
-0.018
-0.004
-0.013
-0.005
0.002
-0.014
0.002
-0.014
-0.006
-0.005
-0.020
-0.011
-0.009
0.000
0.002
0.012
-0.002
-0.000
0.001
-0.005
0.004
-0.010
-0.002
-0.001
0.006
0.006
-0.003
0.004
-0.006
0.000
-0.002
-0.004
-0.007
-0.009
0.005
-0.013
-0.015
-0.017
0.030
-0.019
-0.019
-0.011
0.005
0.005
-0.010
-0.017
-0.007
0.002
-0.004
-0.010
-0.009
-0.007
0.011
0.005
-0.002
-0.000
-0.007
0.011
-0.005
-0.004
-0.004
-0.004
0.004
0.003
0.002
-0.007
-0.000
-0.002
-0.004
0.002
-0.016
-0.010
-0.004
-0.014
-0.008
-0.001
-0.011
0.003
-0.006
-0.007
-0.008
-0.008
-0.008
-0.007
-0.006
-0.004
0.006
0.001
0.005
0.001
-0.002
0.004
0.009
-0.001
0.014
-0.004
0.002
0.007
-0.011
0.001
0.004
-0.001
0.009
0.002
0.001
-0.008
-0.018
-0.028
-0.008
-0.020
-0.016
-0.020
-0.009
0.002
-0.010
-0.015
0.004
-0.001
-0.006
0.013
-0.009
-0.015
0.011
-0.003
0.006
0.007
0.000
0.017
0.003
0.005
-0.000
0.003
0.007
0.004
0.010
-0.007
0.001
0.010
-0.021
-0.003
-0.008
-0.005
-0.009
0.003
-0.001
-0.012
-0.031
-0.033
-0.004
0.065
-0.024
-0.009
-0.018
-0.002
-0.050
0.023
0.016
-0.015
0.019
0.021
-0.010
-0.025
0.023
-0.009
0.004
0.009
0.012
0.005
0.004
0.018
0.006
0.001
-0.005
0.003
0.012
-0.004
-0.013
0.003
-0.021
-0.020
-0.019
-0.009
0.001
-0.004
0.000
-0.003
-0.006
0.000
-0.001
-0.002
-0.002
0.014
0.022
0.022
0.015
0.008
0.017
0.019
0.004
-0.002
0.015
0.001
0.011
0.013
-0.001
0.001
-0.005
0.006
0.008
0.011
-0.003
-0.001
-0.007
-0.006
0.011
-0.004
0.004
0.012
0.019
0.001
0.007
0.005
0.003
0.001
0.007
0.005
0.003
0.017
0.032
0.007
0.006
0.014
0.006
-0.001
0.039
-0.008
0.057
-0.030
0.044
-0.019
0.077
-0.050
0.063
-0.032
0.033
-0.030
0.027
-0.037
0.028
-0.028
0.037
-0.043
0.029
-0.018
0.006
-0.033
-0.001
-0.016
0.009
-0.014
-0.005
0.004
0.014
0.015
0.017
-0.006
-0.004
0.013
-0.035
0.030
0.022
-0.019
0.005
0.028
0.019
-0.038
0.016
0.022
-0.044
0.010
0.008
-0.018
0.012
-0.014
0.000
-0.002
-0.004
-0.014
0.001
-0.001
-0.002
-0.011
0.004
0.004
0.004
0.004
-0.003
0.022
0.006
0.008
0.009
0.003
0.004
0.006
0.008
0.002
0.012
0.015
0.009
0.011
0.013
-0.009
0.000
-0.007
0.002
-0.006
-0.014
0.009
0.000
0.015
-0.011
-0.013
0.001
-0.017
0.006
-0.004
0.003
0.002
-0.006
0.010
-0.007
0.009
0.001
0.010
0.018
0.002
0.002
0.010
0.001
0.009
0.008
0.007
0.022
0.013
0.004
0.011
-0.006
0.001
-0.008
-0.009
-0.002
-0.002
-0.003
-0.004
0.003
-0.013
-0.014
-0.012
-0.005
-0.014
-0.007
-0.016
-0.009
-0.002
-0.011
-0.011
-0.003
-0.003
0.013
0.006
0.007
-0.007
0.002
0.004
-0.010
-0.000
0.001
0.003
0.020
0.013
0.006
0.006
-0.010
0.006
-0.003
-0.004
-0.005
-0.015
-0.002
-0.021
-0.009
-0.021
-0.041
-0.021
-0.034
-0.030
-0.050
-0.046
-0.033
-0.043
-0.045
-0.046
-0.037
-0.028
-0.042
-0.023
-0.018
-0.029
-0.023
-0.008
-0.009
0.015
0.023
0.024
0.033
0.033
0.041
0.049
0.056
0.062
0.067
0.064
0.060
0.070
0.080
0.065
0.081
0.072
0.078
0.076
0.073
0.061
0.057
0.059
0.053
0.055
0.041
0.026
0.026
0.011
0.003
-0.005
-0.012
-0.028
-0.027
-0.025
-0.040
-0.038
-0.052
-0.065
-0.055
-0.068
-0.064
-0.076
-0.089
-0.069
-0.089
-0.084
-0.095
-0.089
-0.083
-0.083
-0.083
-0.089
-0.086
-0.074
-0.077
-0.070
-0.070
-0.062
-0.044
-0.035
-0.024
-0.022
-0.004
-0.002
-0.000
0.009
0.017
0.032
0.038
0.044
0.040
0.036
0.046
0.055
0.055
0.054
0.044
0.050
0.055
0.043
0.038
0.041
0.036
0.031
0.026
0.020
0.015
0.010
0.013
0.001
-0.003
-0.015
-0.009
-0.043
0.019
-0.021
-0.053
-0.005
0.005
0.039
-0.119
0.052
-0.114
0.049
-0.084
0.070
-0.080
0.050
-0.060
0.069
-0.066
0.031
-0.041
0.055
-0.017
0.031
-0.001
0.022
0.013
0.021
0.004
0.003
-0.007
-0.000
0.006
-0.004
0.002
-0.008
-0.002
-0.004
-0.014
-0.031
-0.017
-0.026
-0.027
-0.028
-0.021
-0.029
-0.021
-0.021
-0.020
-0.028
-0.035
-0.026
-0.017
-0.024
-0.015
-0.031
-0.006
-0.014
-0.013
-0.005
-0.013
-0.005
-0.005
-0.014
-0.006
-0.013
0.003
-0.012
-0.003
-0.002
-0.008
0.010
0.004
-0.002
0.008
-0.006
-0.004
-0.001
0.009
0.010
0.012
0.021
0.014
0.023
0.008
0.008
0.024
0.008
0.015
0.023
0.014
0.028
0.011
0.016
0.014
0.004
0.017
-0.010
0.035
-0.048
0.037
-0.006
-0.017
0.013
-0.030
-0.032
-0.025
0.053
-0.075
0.013
0.006
-0.025
-0.039
0.020
-0.049
0.002
-0.002
-0.007
0.013
0.008
-0.005
0.006
-0.000
0.009
0.019
0.011
0.027
0.019
0.026
0.017
0.008
0.015
0.014
0.021
0.013
0.012
0.035
0.011
0.019
0.011
0.011
0.011
0.003
0.011
0.002
0.002
0.010
0.002
0.010
0.010
0.010
0.003
0.011
0.011
-0.005
0.004
-0.005
0.003
0.003
0.002
0.001
0.008
0.024
0.023
0.006
0.005
0.021
0.004
0.004
0.004
0.003
0.003
0.002
0.017
-0.000
0.006
-0.003
-0.013
0.010
-0.008
-0.009
-0.002
-0.003
0.005
0.005
0.006
-0.009
-0.008
0.002
-0.005
-0.003
-0.000
0.002
0.004
0.007
0.009
0.011
0.013
0.014
0.016
0.008
0.001
0.008
0.016
-0.002
0.013
0.003
0.001
0.015
0.004
0.002
0.001
-0.009
-0.002
-0.003
-0.003
-0.003
0.005
-0.002
0.015
-0.000
0.001
0.010
0.003
0.004
-0.003
-0.003
0.006
0.006
-0.002
0.006
0.005
-0.003
0.005
0.005
-0.004
-0.004
-0.012
-0.004
-0.005
0.003
0.002
-0.006
-0.007
0.001
0.000
-0.009
-0.009
-0.002
-0.003
-0.011
-0.003
-0.004
0.005
0.005
-0.003
-0.003
-0.002
-0.001
-0.009
-0.008
0.000
-0.007
0.001
0.001
0.001
-0.007
-0.015
0.001
-0.008
-0.009
-0.010
-0.011
-0.011
-0.020
-0.005
-0.014
-0.030
-0.006
-0.006
-0.005
-0.020
-0.011
-0.002
-0.000
-0.006
-0.004
0.006
0.016
0.017
0.027
0.005
0.015
0.032
0.010
0.052
0.006
0.047
0.009
0.027
-0.003
0.038
-0.009
0.016
0.024
0.024
0.007
0.006
0.028
0.003
0.008
0.006
0.019
0.008
0.013
0.010
-0.002
-0.005
0.001
-0.018
0.004
-0.014
-0.008
0.007
-0.010
-0.011
-0.003
-0.042
0.014
-0.017
-0.039
0.010
0.003
-0.011
-0.050
0.047
-0.032
0.008
-0.007
0.018
-0.054
0.003
-0.045
0.060
-0.067
0.046
-0.050
0.031
-0.048
0.049
-0.062
0.027
-0.045
0.044
-0.044
0.029
-0.019
0.030
0.015
0.056
0.017
0.027
0.013
0.031
0.017
0.027
0.013
0.031
0.025
0.026
0.027
0.011
0.026
0.009
0.007
0.005
-0.005
-0.000
0.004
0.001
0.005
-0.015
-0.002
-0.006
-0.001
-0.012
-0.006
-0.007
-0.008
-0.008
-0.015
-0.006
-0.004
0.006
0.000
0.003
-0.011
-0.001
0.009
-0.013
0.012
0.004
-0.011
0.020
-0.004
0.003
0.010
0.001
-0.000
-0.001
-0.002
-0.004
-0.004
0.003
-0.006
-0.007
-0.016
-0.008
-0.001
-0.002
-0.010
-0.011
-0.004
-0.022
0.009
-0.048
0.023
-0.009
0.006
0.030
-0.002
-0.018
-0.033
0.071
-0.040
0.002
0.027
-0.003
-0.010
0.048
-0.023
0.011
0.004
-0.003
0.014
0.014
-0.010
0.006
-0.003
-0.003
-0.004
-0.006
-0.008
-0.009
0.006
-0.004
-0.005
-0.006
-0.014
-0.006
-0.006
-0.005
-0.004
0.005
-0.002
0.016
0.002
0.004
0.014
0.008
0.010
0.004
0.005
0.013
0.013
0.005
0.012
0.011
0.001
0.007
0.005
-0.005
-0.007
-0.017
-0.011
-0.012
-0.006
-0.007
-0.016
-0.017
-0.010
-0.010
-0.018
-0.018
-0.010
-0.009
-0.017
-0.008
-0.007
0.002
0.003
-0.003
-0.002
-0.001
0.001
-0.005
-0.004
0.005
-0.002
0.007
0.007
0.008
-0.000
-0.009
0.007
-0.002
-0.002
-0.003
-0.004
-0.005
-0.015
-0.001
-0.010
-0.028
-0.006
-0.007
-0.008
-0.026
-0.019
-0.012
-0.013
-0.022
-0.023
-0.015
-0.007
-0.007
0.001
-0.022
-0.013
0.004
-0.018
0.024
-0.021
0.021
-0.016
0.003
-0.027
0.015
-0.031
-0.006
0.003
0.002
-0.015
-0.016
0.006
-0.021
-0.016
-0.019
-0.006
-0.017
-0.012
-0.015
-0.025
-0.026
-0.019
-0.035
-0.011
-0.026
-0.016
0.002
-0.012
-0.009
0.002
-0.035
0.024
-0.005
-0.026
0.025
0.020
0.007
-0.030
0.067
-0.011
0.030
0.015
0.040
-0.031
0.026
-0.022
0.082
-0.046
0.065
-0.032
0.047
-0.034
0.060
-0.055
0.030
-0.045
0.040
-0.052
0.017
-0.035
0.010
-0.008
0.030
-0.011
-0.003
-0.018
-0.001
-0.014
-0.003
-0.015
0.005
0.001
0.006
0.010
-0.002
0.018
0.005
0.007
0.008
0.001
0.008
0.015
0.013
0.019
0.000
0.013
0.010
0.015
0.004
0.009
0.006
0.004
0.002
-0.007
-0.001
-0.001
0.006
-0.002
-0.002
-0.017
-0.009
-0.001
-0.024
-0.000
-0.008
-0.023
0.009
-0.014
-0.006
0.003
0.001
-0.006
-0.004
-0.009
0.005
0.003
0.003
0.003
-0.002
0.000
-0.000
-0.003
0.004
0.007
0.016
0.006
-0.001
-0.003
-0.014
-0.007
-0.008
-0.008
-0.003
-0.002
0.009
-0.007
-0.003
-0.006
-0.020
-0.010
-0.008
-0.003
-0.004
-0.002
-0.005
-0.001
-0.008
0.001
-0.009
0.001
-0.006
0.000
-0.000
-0.004
0.014
-0.005
-0.009
-0.007
0.040
-0.011
-0.009
0.028
-0.040
0.029
-0.025
0.001
-0.015
-0.005
-0.002
0.012
-0.016
-0.005
0.010
-0.021
0.004
-0.030
0.003
-0.015
0.008
-0.015
0.010
-0.018
0.003
-0.015
0.023
-0.038
0.050
-0.027
0.018
0.004
-0.001
-0.023
0.019
-0.064
0.070
-0.029
0.073
-0.016
0.009
-0.001
-0.010
-0.034
-0.014
0.008
-0.009
-0.010
0.006
0.000
-0.023
-0.020
-0.014
-0.019
-0.014
-0.014
-0.003
0.002
-0.009
0.003
0.005
0.014
-0.018
0.005
-0.001
0.005
0.013
0.008
0.005
-0.003
0.003
0.008
0.012
0.002
0.008
-0.004
0.001
-0.015
-0.002
-0.001
-0.008
-0.004
-0.002
-0.001
-0.005
-0.012
-0.007
-0.009
-0.012
-0.009
-0.011
-0.002
0.001
-0.008
-0.010
-0.007
-0.004
0.007
-0.005
-0.002
-0.001
0.005
-0.003
0.001
0.003
0.017
0.029
0.017
0.003
0.006
0.001
-0.010
-0.020
0.017
0.017
-0.001
-0.011
0.034
-0.065
-0.013
0.009
-0.045
-0.011
0.024
-0.005
0.023
-0.053
0.046
-0.039
0.012
-0.009
0.017
0.010
0.019
0.020
0.011
0.034
-0.007
0.024
-0.002
0.004
0.001
0.007
-0.012
0.018
-0.000
0.015
-0.002
-0.003
-0.003
-0.002
-0.001
0.001
