0.001
0.000
-0.001
-0.002
-0.003
-0.004
-0.005
-0.007
-0.007
-0.008
-0.008
-0.008
-0.007
-0.006
-0.005
-0.003
-0.003
-0.001
0.000
0.002
0.003
0.005
0.007
0.009
0.011
0.013
0.015
0.018
0.018
0.018
0.023
0.025
0.027
0.009
0.050
-0.014
0.057
0.010
0.019
0.037
0.014
0.007
-0.002
0.067
-0.046
0.035
0.020
-0.002
0.000
0.011
-0.008
0.000
-0.004
-0.009
-0.010
-0.012
-0.013
-0.014
-0.014
-0.012
-0.013
-0.009
-0.009
-0.006
-0.006
0.006
-0.011
-0.002
0.010
0.001
0.004
0.008
0.003
0.007
0.007
0.005
0.005
0.005
0.002
0.002
0.000
-0.003
-0.001
-0.006
-0.006
-0.004
-0.013
-0.008
-0.010
-0.013
-0.010
-0.012
-0.012
-0.013
-0.014
-0.010
-0.010
-0.010
-0.009
-0.008
-0.006
-0.004
-0.003
-0.001
0.000
0.001
0.002
0.003
0.004
0.000
0.009
0.001
0.004
0.003
0.003
0.003
0.001
0.001
-0.000
-0.002
-0.003
-0.004
-0.005
-0.006
-0.007
-0.007
-0.011
-0.009
-0.010
-0.010
-0.009
-0.007
-0.008
-0.009
-0.007
-0.003
-0.014
0.007
-0.007
0.011
-0.008
0.053
-0.075
0.086
-0.073
0.053
-0.039
0.035
-0.035
0.034
-0.031
0.004
0.001
0.002
-0.024
0.001
-0.011
-0.012
-0.012
-0.014
-0.014
-0.014
-0.015
-0.015
-0.014
-0.011
-0.011
-0.011
-0.010
-0.008
-0.007
-0.009
0.000
-0.008
-0.003
-0.004
-0.001
-0.003
-0.002
-0.002
-0.002
-0.008
0.003
-0.007
-0.007
-0.007
-0.009
-0.010
-0.013
-0.016
-0.018
-0.019
-0.020
-0.021
-0.021
-0.021
-0.021
-0.020
-0.020
-0.019
-0.016
-0.011
-0.009
-0.008
-0.004
0.003
0.002
0.010
0.013
0.015
0.018
0.020
0.021
0.022
0.023
0.023
0.024
0.023
0.023
0.022
0.021
0.020
0.018
0.016
0.014
0.011
0.009
0.006
0.002
-0.001
-0.004
-0.007
-0.009
-0.011
-0.013
-0.015
-0.015
-0.015
-0.016
-0.021
-0.009
-0.018
-0.020
-0.022
-0.017
-0.009
-0.014
-0.018
-0.018
-0.016
-0.014
-0.013
-0.012
-0.012
-0.011
-0.010
-0.010
-0.009
-0.009
-0.008
-0.008
-0.007
-0.007
-0.007
-0.006
-0.005
-0.005
-0.003
-0.002
-0.000
0.000
0.003
0.005
0.007
0.010
0.012
0.015
0.019
0.020
0.022
0.027
0.032
0.033
0.032
0.034
0.036
0.038
0.040
0.042
0.044
0.047
0.051
0.054
0.058
0.062
0.065
0.068
0.070
0.071
0.072
0.072
0.068
0.074
0.066
0.063
0.060
0.055
0.049
0.042
0.034
0.025
0.015
0.005
-0.004
-0.020
-0.029
-0.042
-0.058
-0.065
-0.082
-0.095
-0.107
-0.122
-0.134
-0.146
-0.157
-0.167
-0.176
-0.183
-0.187
-0.190
-0.191
-0.189
-0.184
-0.177
-0.170
-0.152
-0.140
-0.122
-0.102
-0.075
-0.049
-0.023
0.003
0.032
0.061
0.087
0.111
0.139
0.161
0.184
0.205
0.224
0.241
0.255
0.267
0.276
0.283
0.286
0.286
0.283
0.278
0.269
0.257
0.243
0.226
0.207
0.186
0.162
0.137
0.110
0.085
0.048
0.026
-0.006
-0.036
-0.060
-0.088
-0.110
-0.131
-0.150
-0.166
-0.180
-0.191
-0.201
-0.207
-0.212
-0.214
-0.214
-0.211
-0.205
-0.198
-0.189
-0.181
-0.161
-0.154
-0.137
-0.119
-0.104
-0.085
-0.067
-0.049
-0.031
-0.013
0.005
0.022
0.038
0.053
0.067
0.078
0.088
0.095
0.102
0.106
0.108
0.107
0.110
0.104
0.100
0.095
0.088
0.080
0.071
0.061
0.051
0.039
0.030
0.018
0.007
-0.003
-0.013
-0.020
-0.034
-0.035
-0.042
-0.047
-0.049
-0.050
-0.050
-0.049
-0.046
-0.043
-0.038
-0.032
-0.025
-0.018
-0.009
-0.000
0.008
0.017
0.026
0.034
0.043
0.050
0.057
0.064
0.069
0.073
0.075
0.077
0.077
0.076
0.074
0.071
0.066
0.062
0.056
0.045
0.048
0.028
0.020
0.015
0.005
-0.000
-0.019
-0.021
-0.027
-0.039
-0.046
-0.052
-0.057
-0.060
-0.062
-0.067
-0.068
-0.068
-0.068
-0.065
-0.069
-0.055
-0.071
-0.012
-0.100
-0.018
-0.091
0.019
-0.099
0.027
-0.076
0.022
-0.064
0.044
-0.064
0.034
-0.017
0.028
-0.013
0.040
0.002
0.059
-0.018
0.071
0.035
0.023
0.044
0.066
0.053
-0.007
0.086
0.028
0.029
0.063
0.040
0.031
0.032
0.024
0.032
0.009
0.033
0.005
0.011
0.006
0.001
-0.002
-0.005
-0.009
-0.011
-0.013
-0.015
-0.016
-0.017
-0.019
-0.015
-0.018
-0.017
-0.016
-0.015
-0.012
-0.015
-0.010
-0.009
-0.009
-0.005
-0.003
-0.002
-0.009
0.013
-0.001
0.003
0.009
0.005
0.007
0.007
0.009
-0.000
0.002
0.007
-0.003
-0.004
-0.005
-0.008
-0.009
-0.015
-0.014
-0.018
-0.021
-0.022
-0.023
-0.024
-0.025
-0.024
-0.023
-0.025
-0.022
-0.021
-0.019
-0.017
-0.016
-0.013
-0.011
-0.009
-0.007
-0.005
-0.001
-0.000
-0.000
0.000
0.002
0.003
0.007
-0.003
0.005
-0.004
0.025
-0.029
0.021
0.003
0.004
0.021
-0.014
-0.018
-0.022
0.057
-0.047
0.023
-0.007
-0.018
-0.011
0.014
-0.021
0.001
0.001
-0.013
0.003
-0.000
-0.007
0.003
-0.003
-0.002
-0.001
-0.002
-0.001
-0.006
-0.000
-0.006
-0.005
-0.001
-0.009
-0.003
-0.007
-0.007
-0.003
-0.011
-0.006
-0.007
-0.008
-0.008
-0.008
-0.008
-0.008
-0.008
-0.008
-0.007
-0.007
-0.007
-0.014
0.003
-0.012
-0.004
-0.006
-0.006
-0.002
-0.009
-0.003
-0.005
-0.011
-0.005
-0.011
-0.016
-0.021
-0.023
-0.024
-0.028
-0.033
-0.037
-0.034
-0.045
-0.027
-0.063
-0.031
-0.065
0.010
-0.122
0.044
-0.110
0.005
-0.050
-0.006
-0.052
0.015
-0.044
0.012
-0.011
0.006
0.009
0.014
0.020
0.021
0.033
0.031
0.035
0.039
0.041
0.042
0.045
0.046
0.048
0.039
0.060
0.038
0.053
0.045
0.044
0.043
0.039
0.031
0.036
0.023
0.019
0.016
0.010
0.006
0.002
-0.001
-0.004
-0.006
-0.009
-0.011
-0.013
-0.014
-0.016
-0.018
-0.019
-0.017
-0.026
-0.023
-0.022
-0.021
-0.024
-0.028
-0.030
-0.031
-0.032
-0.034
-0.036
-0.038
-0.039
-0.037
-0.045
-0.040
-0.042
-0.050
-0.035
-0.046
-0.044
-0.042
-0.036
-0.039
-0.036
-0.032
-0.029
-0.026
-0.022
-0.017
-0.012
-0.008
-0.003
-0.001
0.011
0.010
0.015
0.020
0.024
0.030
0.030
0.035
0.038
0.039
0.037
0.034
0.040
0.043
0.049
0.031
0.031
0.036
0.036
0.037
0.038
0.038
0.039
0.040
0.040
0.039
0.038
0.036
0.034
0.032
0.030
0.028
0.026
0.024
0.020
0.019
0.016
0.027
-0.003
0.034
-0.010
0.007
0.009
-0.011
-0.005
-0.009
-0.021
-0.064
0.022
-0.036
-0.068
-0.004
-0.051
-0.058
-0.002
-0.053
-0.041
-0.031
-0.036
-0.033
-0.031
-0.038
-0.016
-0.029
-0.024
-0.017
-0.016
-0.015
-0.008
-0.001
0.005
0.002
0.006
0.011
0.015
0.018
0.021
0.023
0.025
0.026
0.028
0.032
0.022
0.029
0.027
0.023
0.023
0.021
0.019
0.015
0.019
0.014
0.014
0.014
0.013
0.013
0.013
0.013
0.013
0.013
0.012
0.012
0.012
0.012
0.012
0.012
0.011
0.009
0.010
0.007
0.005
0.004
0.001
0.008
0.002
0.001
0.004
-0.003
-0.010
0.028
-0.036
0.062
-0.099
0.090
-0.077
0.034
-0.028
0.020
-0.050
0.025
-0.032
-0.002
-0.003
0.009
-0.021
0.012
0.009
-0.010
0.026
-0.005
0.014
0.009
0.008
0.010
0.010
0.009
0.008
-0.002
0.018
-0.002
0.003
-0.006
0.008
-0.006
-0.006
-0.004
-0.006
-0.009
-0.003
-0.010
-0.005
-0.014
-0.003
-0.012
-0.010
-0.007
-0.005
-0.003
-0.002
-0.001
-0.001
-0.000
-0.001
-0.000
0.001
0.003
0.001
-0.001
0.001
0.006
0.008
0.009
0.009
0.011
0.012
0.015
0.007
0.014
0.012
0.008
0.007
0.004
0.005
0.006
0.005
0.003
0.002
0.003
0.003
0.003
0.003
0.005
-0.003
0.002
-0.001
-0.003
-0.002
-0.003
-0.005
-0.012
0.000
-0.014
-0.012
-0.009
-0.012
-0.013
-0.017
-0.013
-0.012
-0.011
-0.010
-0.009
-0.007
-0.004
-0.003
-0.002
-0.001
-0.001
-0.001
-0.001
-0.001
-0.002
-0.002
-0.003
-0.004
-0.004
-0.005
-0.006
-0.007
-0.008
-0.009
-0.009
-0.010
-0.010
-0.009
-0.007
-0.010
-0.006
-0.005
-0.008
-0.002
-0.010
-0.003
0.006
0.004
-0.000
0.000
0.003
0.005
0.007
0.007
0.006
0.007
0.009
0.008
0.007
0.007
0.007
0.006
0.007
0.002
0.004
0.003
0.001
0.001
-0.000
-0.001
-0.002
-0.003
-0.004
-0.002
-0.005
-0.005
-0.004
-0.005
-0.005
-0.005
-0.005
-0.004
-0.001
-0.001
-0.000
0.001
0.003
0.004
0.006
0.006
0.006
0.008
0.009
0.004
0.001
-0.004
0.006
-0.005
-0.001
-0.003
-0.005
-0.005
-0.005
-0.005
-0.005
-0.005
-0.005
-0.004
-0.004
-0.003
-0.003
-0.002
-0.001
0.000
0.003
0.000
0.005
0.006
0.005
0.007
0.009
0.009
0.009
0.008
0.007
0.008
0.009
0.007
0.004
0.004
0.000
0.005
0.001
0.000
0.001
-0.000
-0.001
-0.001
-0.002
-0.003
-0.003
-0.004
-0.004
-0.005
-0.005
-0.005
-0.004
-0.004
-0.003
-0.001
-0.000
0.001
0.003
0.004
0.005
0.006
0.006
0.008
0.008
0.007
0.008
0.008
0.007
0.006
0.005
0.004
0.003
0.002
0.000
-0.001
-0.003
-0.001
-0.005
-0.005
-0.005
-0.005
-0.006
-0.005
-0.004
-0.004
-0.003
-0.001
0.000
-0.000
-0.001
0.003
0.008
0.009
0.005
0.005
0.002
0.015
0.006
0.006
0.008
0.005
0.009
0.007
0.007
0.006
0.001
0.010
0.003
-0.001
0.004
-0.008
0.022
-0.047
0.025
-0.038
-0.006
0.005
0.017
-0.016
-0.016
0.008
-0.005
-0.004
0.021
-0.023
0.020
-0.007
0.013
-0.004
0.023
-0.013
0.029
-0.009
0.016
0.001
0.013
-0.006
0.041
-0.011
-0.024
0.016
0.037
-0.027
-0.022
0.039
-0.033
-0.005
0.009
-0.002
-0.009
-0.015
-0.005
-0.010
-0.007
-0.006
-0.008
-0.006
-0.011
0.001
-0.007
-0.005
-0.002
-0.001
0.001
0.001
0.001
0.005
0.009
0.007
0.003
0.007
0.012
0.009
0.004
0.003
0.002
-0.000
-0.002
-0.003
-0.005
-0.006
-0.006
-0.007
-0.007
-0.007
-0.007
-0.007
-0.007
-0.007
-0.007
-0.008
-0.008
-0.008
-0.008
-0.008
-0.008
-0.006
-0.004
-0.004
-0.005
-0.002
0.001
0.001
0.001
0.000
0.001
-0.004
-0.002
-0.004
-0.007
-0.006
-0.008
-0.008
-0.008
-0.008
-0.006
-0.009
-0.006
-0.006
-0.008
-0.007
-0.007
-0.007
-0.012
-0.002
-0.010
-0.009
-0.006
-0.005
-0.003
-0.001
0.001
0.003
0.005
0.006
0.007
0.007
0.006
0.005
0.004
0.003
0.001
-0.001
-0.002
-0.004
-0.005
-0.006
-0.009
-0.008
-0.011
-0.012
-0.012
-0.012
-0.013
-0.012
-0.012
-0.011
-0.010
-0.009
-0.008
-0.008
-0.007
-0.006
-0.004
-0.004
0.000
-0.005
0.000
0.002
0.001
0.002
0.004
0.005
0.006
0.006
0.005
0.004
0.004
0.000
0.002
0.000
-0.001
-0.002
-0.003
-0.002
-0.007
-0.009
-0.008
-0.010
-0.017
-0.005
-0.017
-0.016
-0.009
-0.014
-0.010
-0.009
-0.011
-0.004
-0.008
-0.007
-0.005
-0.006
-0.006
-0.005
-0.002
-0.011
-0.008
-0.003
-0.013
-0.007
-0.008
-0.010
-0.011
-0.010
-0.007
-0.016
-0.024
-0.020
-0.005
0.051
-0.026
-0.015
-0.007
0.005
-0.031
0.026
0.013
-0.014
0.011
0.008
-0.011
-0.019
0.012
-0.009
-0.003
-0.005
-0.010
-0.010
-0.012
-0.009
-0.012
-0.013
-0.014
-0.014
-0.012
-0.015
-0.018
-0.007
-0.017
-0.015
-0.012
-0.012
-0.012
-0.010
-0.009
-0.008
-0.006
-0.004
-0.003
-0.003
-0.004
0.000
0.005
0.004
-0.001
-0.001
-0.001
-0.002
-0.003
-0.003
-0.002
-0.009
-0.006
-0.007
-0.009
-0.012
-0.014
-0.013
-0.010
-0.012
-0.016
-0.018
-0.017
-0.017
-0.015
-0.019
-0.015
-0.014
-0.011
-0.013
-0.006
-0.004
-0.003
-0.000
0.002
-0.001
-0.002
0.002
0.011
-0.001
-0.001
0.001
-0.002
-0.006
0.013
-0.025
0.030
-0.044
0.022
-0.035
0.045
-0.069
0.039
-0.042
0.016
-0.032
0.017
-0.037
0.014
-0.030
0.026
-0.045
0.015
-0.016
0.006
-0.018
0.004
-0.005
0.006
-0.004
0.003
0.005
0.007
0.010
0.012
0.002
0.000
0.013
-0.020
0.025
0.010
-0.021
-0.001
0.017
0.017
-0.037
0.007
0.013
-0.029
0.010
0.001
-0.015
0.005
-0.010
-0.003
-0.002
-0.001
-0.003
0.000
0.001
0.002
0.001
0.003
0.005
0.005
0.006
0.001
0.014
0.004
0.006
0.009
0.008
0.008
0.007
0.007
0.007
0.006
0.005
0.004
0.004
0.005
-0.001
0.002
0.001
-0.002
-0.002
-0.005
0.000
-0.007
0.001
-0.009
-0.007
0.002
-0.006
0.001
-0.000
0.000
0.002
0.001
0.006
0.001
0.006
0.003
0.004
0.005
0.003
0.004
0.004
0.003
0.003
0.002
0.001
0.001
-0.000
-0.001
-0.001
-0.003
-0.003
-0.004
-0.005
-0.005
-0.005
-0.005
-0.005
-0.004
-0.004
-0.004
-0.003
-0.001
-0.000
0.000
0.003
0.003
0.005
-0.005
0.018
-0.014
0.021
0.012
-0.009
0.024
0.005
0.006
-0.023
0.052
-0.033
-0.001
0.039
-0.002
-0.022
0.032
-0.016
0.009
0.008
0.001
0.004
0.004
0.002
0.001
-0.001
-0.000
-0.007
-0.004
-0.005
-0.006
-0.006
-0.007
-0.006
-0.007
-0.007
-0.011
-0.001
-0.010
-0.007
-0.004
-0.009
-0.006
-0.003
-0.006
-0.005
-0.004
-0.004
-0.001
-0.001
-0.002
-0.001
-0.000
0.000
0.001
0.001
-0.000
0.000
-0.003
-0.000
-0.013
0.024
-0.013
-0.012
0.001
-0.013
0.013
-0.030
0.001
-0.005
-0.011
-0.008
-0.008
-0.008
-0.007
-0.007
-0.006
-0.006
-0.005
-0.005
-0.006
-0.003
-0.004
-0.004
-0.003
-0.002
-0.002
-0.001
-0.004
0.004
-0.005
0.002
-0.001
-0.002
-0.002
-0.003
-0.004
-0.005
-0.006
-0.006
-0.007
-0.007
-0.007
-0.007
-0.007
-0.007
-0.007
-0.006
-0.005
-0.009
-0.006
-0.007
-0.007
-0.007
-0.009
-0.005
-0.008
-0.006
-0.005
-0.004
-0.003
-0.000
0.002
0.001
-0.002
0.003
0.003
0.004
0.004
0.004
0.003
0.002
0.001
-0.001
-0.004
-0.006
-0.008
-0.011
-0.015
-0.016
-0.017
-0.018
-0.023
-0.010
-0.012
-0.024
-0.002
-0.015
-0.007
-0.004
-0.005
-0.003
-0.000
0.001
0.003
0.004
0.004
0.005
0.004
0.003
0.002
-0.000
-0.002
-0.003
-0.004
0.001
-0.008
0.011
-0.036
0.024
-0.019
-0.008
0.012
-0.012
-0.014
-0.029
0.053
-0.055
-0.005
0.008
-0.021
-0.021
0.019
-0.033
-0.006
-0.009
-0.013
-0.008
-0.001
-0.015
-0.002
-0.002
-0.002
0.002
0.004
0.005
0.006
0.006
0.006
0.006
0.005
0.003
0.002
0.000
-0.002
-0.003
-0.005
-0.008
-0.011
-0.013
-0.016
-0.016
-0.016
-0.015
-0.012
-0.010
-0.006
-0.007
-0.001
0.001
0.002
0.004
0.005
0.007
0.007
0.008
0.008
0.008
0.008
0.007
0.006
0.006
0.006
0.004
0.003
0.003
0.003
-0.006
-0.009
-0.003
0.025
-0.014
-0.008
0.021
-0.032
0.027
-0.014
0.007
0.003
0.001
0.000
0.010
0.001
0.003
0.013
-0.003
0.016
-0.006
0.013
0.003
0.013
0.002
0.019
0.004
0.016
0.009
0.036
-0.018
0.055
-0.011
0.029
0.019
0.007
-0.002
0.030
-0.050
0.063
-0.035
0.054
-0.021
0.006
0.001
-0.007
-0.023
-0.012
0.003
-0.005
-0.001
0.003
0.000
-0.003
-0.003
-0.001
0.000
0.001
0.003
0.003
0.003
0.003
0.006
0.006
0.011
-0.002
0.009
0.002
0.002
0.004
0.002
0.001
0.000
-0.001
-0.001
-0.002
-0.003
-0.003
-0.003
-0.001
-0.007
-0.002
-0.003
-0.003
-0.002
-0.002
-0.001
0.000
0.001
0.002
0.004
0.005
0.006
0.007
0.008
0.008
0.009
0.008
0.008
0.008
0.008
0.007
0.006
0.005
0.004
0.002
0.002
0.003
0.005
0.006
0.003
-0.002
-0.004
-0.005
-0.008
-0.014
0.010
0.009
-0.004
-0.017
0.035
-0.034
0.003
0.016
-0.029
0.002
0.023
0.005
0.026
-0.031
0.058
-0.020
0.020
0.007
0.016
0.010
0.008
0.009
0.007
0.017
-0.011
0.012
-0.001
-0.001
-0.001
0.001
-0.011
0.001
-0.009
-0.005
-0.007
-0.007
-0.007
-0.008
-0.008
-0.007
-0.003
-0.003
-0.004
-0.022
0.019
-0.008
-0.022
0.012
0.015
0.001
-0.025
0.043
-0.037
0.016
0.018
-0.001
0.007
0.006
0.016
0.002
-0.004
0.009
0.006
0.001
-0.001
-0.006
-0.004
-0.011
-0.015
-0.019
-0.024
-0.028
-0.032
-0.038
-0.042
-0.046
-0.045
-0.049
-0.050
-0.050
-0.050
-0.049
-0.047
-0.043
-0.040
-0.035
-0.027
-0.025
-0.012
-0.008
-0.001
0.007
0.014
0.025
0.021
0.036
0.041
0.045
0.052
0.057
0.062
0.067
0.072
0.075
0.078
0.080
0.081
0.084
0.078
0.080
0.076
0.067
0.075
0.060
0.056
0.052
0.044
0.037
0.030
0.022
0.013
0.006
-0.002
-0.009
-0.016
-0.022
-0.029
-0.034
-0.039
-0.044
-0.050
-0.056
-0.061
-0.067
-0.073
-0.078
-0.082
-0.083
-0.094
-0.089
-0.091
-0.093
-0.089
-0.089
-0.085
-0.081
-0.076
-0.070
-0.064
-0.056
-0.048
-0.039
-0.032
-0.020
-0.014
-0.004
0.003
0.009
0.016
0.022
0.027
0.031
0.035
0.038
0.041
0.043
0.044
0.044
0.043
0.042
0.040
0.038
0.035
0.031
0.027
0.023
0.018
0.013
0.009
0.005
0.001
-0.003
-0.006
-0.009
-0.012
-0.014
-0.016
-0.017
-0.018
-0.019
-0.019
-0.019
-0.019
-0.018
-0.016
-0.015
-0.012
-0.010
-0.007
-0.004
-0.001
-0.001
0.007
0.005
0.007
0.010
0.010
0.012
0.010
0.014
0.011
0.006
0.011
0.009
0.004
-0.003
-0.004
-0.003
-0.007
-0.012
-0.015
-0.017
-0.017
-0.018
-0.016
-0.023
-0.025
-0.018
-0.034
-0.008
-0.045
-0.014
-0.035
-0.019
-0.039
-0.010
-0.043
-0.020
-0.019
-0.020
-0.024
-0.023
-0.006
-0.019
-0.016
-0.014
-0.011
-0.015
-0.014
-0.014
-0.013
-0.012
-0.011
-0.016
-0.002
-0.011
-0.008
-0.002
-0.004
-0.001
0.002
-0.022
0.029
0.005
-0.011
0.025
0.014
0.011
-0.024
0.052
-0.013
0.023
0.021
0.037
-0.019
0.029
-0.017
0.063
-0.054
0.053
-0.034
0.032
-0.042
0.039
-0.058
0.024
-0.043
0.023
-0.055
0.007
-0.037
-0.010
-0.024
-0.001
-0.025
-0.017
-0.018
-0.011
-0.010
-0.006
-0.011
-0.005
-0.003
-0.001
0.002
0.000
0.010
0.005
0.007
0.010
0.010
0.011
0.012
0.012
0.012
0.011
0.012
0.013
0.013
0.013
0.013
0.012
0.012
0.011
0.009
0.007
0.006
0.006
0.004
0.004
-0.002
0.002
0.003
-0.006
0.009
0.004
-0.005
0.012
0.001
0.007
0.007
0.006
0.006
0.006
0.006
0.006
0.007
0.007
0.005
0.003
0.007
0.013
0.011
0.006
0.006
0.007
0.005
0.004
0.003
0.000
-0.002
-0.006
-0.003
-0.008
-0.006
-0.005
-0.007
-0.003
-0.004
-0.002
-0.001
-0.000
0.002
0.004
0.003
0.002
0.004
0.007
0.008
0.008
0.008
0.009
0.009
0.009
0.009
0.009
0.009
0.008
0.007
0.006
0.005
0.003
0.001
-0.002
0.002
-0.003
-0.002
-0.001
-0.001
0.000
0.001
0.003
0.003
0.004
0.005
0.005
0.005
0.001
0.008
0.002
0.003
0.004
0.003
0.002
0.002
0.001
0.000
-0.000
-0.001
-0.001
-0.002
-0.002
-0.003
-0.003
-0.003
-0.003
-0.003
-0.003
-0.004
-0.004
-0.004
-0.004
-0.004
-0.004
-0.004
-0.004
-0.003
-0.003
-0.003
-0.002
-0.002
-0.001
-0.001
-0.001
-0.002
-0.002
-0.003
-0.004
-0.005
-0.007
-0.008
-0.010
-0.011
-0.012
-0.014
-0.017
-0.018
-0.018
-0.019
-0.019
-0.018
-0.017
-0.017
-0.018
-0.008
-0.007
-0.014
-0.002
-0.001
0.001
-0.001
0.006
0.008
0.010
0.012
0.013
0.014
0.017
0.019
0.024
0.015
0.023
0.026
0.009
0.036
0.002
0.035
0.010
0.018
-0.002
0.034
0.002
0.008
0.015
0.009
0.004
0.007
0.014
0.003
0.005
0.003
0.002
-0.001
-0.002
-0.005
-0.007
-0.009
-0.006
-0.015
-0.005
-0.013
-0.011
-0.006
-0.009
-0.010
0.004
-0.031
0.006
-0.008
-0.026
0.007
-0.003
-0.010
-0.051
0.035
-0.034
-0.009
-0.015
0.009
-0.038
0.005
-0.041
0.050
-0.066
0.038
-0.042
0.027
-0.042
0.052
-0.038
0.039
-0.026
0.056
-0.016
0.045
0.004
0.034
0.021
0.047
0.020
0.022
0.023
0.028
0.019
0.019
0.014
0.016
0.010
0.008
0.008
0.001
0.003
-0.001
-0.003
-0.004
-0.006
-0.007
-0.007
-0.007
-0.005
-0.011
-0.005
-0.005
-0.004
-0.003
-0.001
0.001
0.002
0.003
0.004
0.005
0.005
0.005
0.005
0.003
0.002
0.002
0.008
-0.008
0.005
0.002
-0.010
0.011
-0.006
-0.004
-0.001
-0.004
-0.005
-0.005
-0.005
-0.006
-0.006
-0.006
-0.006
-0.007
-0.008
-0.007
-0.005
-0.005
-0.005
-0.008
-0.006
-0.006
0.019
-0.030
0.024
-0.004
0.005
0.023
0.005
-0.004
-0.028
0.073
-0.021
0.002
0.020
-0.004
-0.015
0.036
-0.019
0.005
0.000
-0.004
-0.002
-0.004
-0.007
-0.003
-0.007
-0.007
-0.007
-0.007
-0.007
-0.006
-0.005
-0.003
-0.001
0.001
0.004
0.006
0.009
0.010
0.012
0.013
0.014
0.013
0.012
0.012
0.012
0.011
0.009
0.007
0.005
0.003
0.000
-0.002
-0.003
-0.008
-0.008
-0.009
-0.011
-0.011
-0.012
-0.012
-0.011
-0.011
-0.010
-0.011
-0.010
-0.008
-0.003
-0.011
-0.005
0.001
-0.005
-0.000
-0.000
0.000
0.004
-0.001
0.006
0.001
0.004
0.004
0.004
0.004
0.004
0.003
0.002
0.002
0.001
-0.001
-0.003
-0.005
-0.006
-0.010
-0.010
-0.012
-0.013
-0.014
-0.015
-0.015
-0.015
-0.015
-0.014
-0.014
-0.015
-0.011
-0.007
-0.013
-0.014
-0.010
0.018
-0.016
-0.015
-0.009
0.003
0.002
-0.006
-0.006
-0.004
-0.004
-0.005
-0.007
-0.010
-0.008
-0.004
-0.006
-0.011
-0.013
-0.015
-0.013
-0.018
-0.020
-0.022
-0.025
-0.027
-0.028
-0.028
-0.026
-0.024
-0.023
-0.022
-0.018
-0.013
-0.010
-0.008
-0.006
-0.004
-0.002
0.002
0.000
0.004
0.005
0.005
0.010
0.011
0.010
0.011
0.008
0.013
0.013
0.011
0.011
0.007
0.010
0.002
0.008
0.005
-0.005
0.001
-0.001
-0.001
-0.009
-0.006
-0.005
-0.009
-0.009
-0.009
-0.009
-0.005
-0.015
-0.006
-0.007
-0.008
-0.006
-0.003
-0.004
0.000
0.002
0.003
0.006
0.008
0.009
0.010
0.011
0.011
0.011
0.010
0.010
0.009
0.008
0.006
0.008
0.006
0.005
0.006
0.005
0.004
0.004
0.002
0.001
-0.000
-0.002
-0.004
-0.005
-0.007
-0.008
-0.008
-0.008
-0.008
-0.008
-0.007
-0.007
-0.006
-0.005
-0.005
-0.002
-0.004
-0.002
-0.001
-0.002
0.001
-0.001
0.001
0.001
0.001
0.001
0.001
0.001
0.001
0.000
-0.000
-0.001
-0.002
-0.002
-0.003
-0.004
-0.005
-0.006
-0.007
-0.007
-0.007
-0.008
-0.008
-0.008
-0.007
-0.007
-0.007
-0.008
-0.008
-0.006
-0.004
-0.004
-0.005
-0.004
-0.003
-0.003
-0.002
-0.001
-0.001
-0.001
-0.000
-0.000
-0.000
-0.001
-0.001
-0.002
-0.003
0.001
-0.000
-0.004
-0.029
0.024
-0.010
-0.036
0.001
0.003
0.046
-0.098
0.063
-0.088
0.061
-0.070
0.065
-0.075
0.047
-0.060
0.052
-0.066
0.030
-0.036
0.039
-0.024
0.015
-0.009
0.002
0.005
0.005
0.005
0.002
0.002
0.003
0.002
0.000
-0.001
-0.004
-0.005
-0.008
-0.010
-0.015
-0.011
-0.017
-0.017
-0.016
-0.016
-0.015
-0.014
-0.012
-0.011
-0.011
-0.009
-0.007
-0.005
-0.003
-0.002
-0.005
0.007
-0.000
0.002
0.004
0.003
0.003
0.003
0.002
0.001
-0.002
0.003
-0.003
-0.003
-0.002
-0.005
-0.005
-0.006
-0.008
-0.006
-0.009
-0.009
-0.009
-0.009
-0.009
-0.010
-0.010
-0.010
-0.009
-0.013
-0.014
-0.006
-0.013
-0.012
-0.009
-0.008
-0.004
-0.007
-0.001
0.003
0.003
0.009
-0.010
0.031
-0.035
0.040
-0.004
-0.001
0.020
-0.005
-0.016
-0.010
0.048
-0.072
0.016
0.002
-0.021
-0.028
0.013
-0.046
-0.003
-0.007
-0.016
-0.007
-0.005
-0.005
-0.002
-0.000
0.002
0.004
0.005
0.007
0.008
0.008
0.009
0.009
0.008
0.008
0.007
0.005
-0.002
0.010
-0.002
-0.001
0.001
-0.001
-0.002
-0.002
-0.002
-0.001
-0.000
-0.000
0.000
0.004
0.006
0.009
0.005
