-0.007
-0.007
-0.006
-0.004
-0.001
0.001
0.004
0.007
0.009
0.010
0.010
0.010
0.009
0.008
0.007
0.006
0.004
0.002
0.002
-0.001
-0.001
-0.018
0.010
-0.040
0.012
-0.026
-0.021
-0.008
-0.026
-0.031
-0.037
0.015
-0.073
-0.008
-0.019
-0.036
-0.030
-0.023
-0.033
-0.025
-0.024
-0.025
-0.022
-0.019
-0.017
-0.014
-0.011
-0.008
-0.005
-0.002
-0.000
0.003
0.005
0.013
0.003
0.011
0.017
0.010
0.012
0.014
0.012
0.012
0.011
0.009
0.007
0.006
0.004
0.001
-0.001
-0.004
-0.005
-0.008
-0.009
-0.007
-0.011
-0.007
-0.007
-0.006
-0.004
-0.002
0.000
0.002
0.004
0.005
0.006
0.008
0.009
0.010
0.011
0.012
0.013
0.013
0.014
0.014
0.014
0.014
0.013
0.010
0.014
0.009
0.008
0.007
0.005
0.004
0.002
0.000
-0.001
-0.002
-0.003
-0.004
-0.005
-0.005
-0.006
-0.006
-0.006
-0.005
-0.004
-0.002
0.000
0.003
0.003
0.004
0.004
0.008
0.002
0.014
0.005
0.016
0.005
0.054
-0.047
0.078
-0.047
0.051
-0.023
0.031
-0.025
0.027
-0.023
0.004
0.002
0.003
-0.015
0.004
-0.001
-0.003
-0.001
-0.001
0.000
0.002
0.003
0.004
0.006
0.007
0.009
0.010
0.012
0.013
0.015
0.014
0.019
0.016
0.017
0.017
0.016
0.015
0.015
0.014
0.012
0.008
0.014
0.007
0.007
0.007
0.005
0.004
0.004
0.003
0.003
0.003
0.003
0.004
0.005
0.006
0.007
0.009
0.011
0.013
0.016
0.018
0.020
0.023
0.024
0.026
0.025
0.027
0.026
0.025
0.024
0.022
0.020
0.017
0.014
0.010
0.007
0.002
-0.002
-0.006
-0.010
-0.014
-0.017
-0.020
-0.023
-0.025
-0.027
-0.028
-0.029
-0.029
-0.029
-0.028
-0.027
-0.025
-0.023
-0.020
-0.016
-0.013
-0.010
-0.009
0.001
-0.000
0.002
0.005
0.010
0.017
0.017
0.016
0.017
0.019
0.020
0.020
0.021
0.021
0.021
0.021
0.021
0.021
0.021
0.020
0.020
0.019
0.018
0.017
0.016
0.015
0.015
0.014
0.013
0.012
0.012
0.011
0.011
0.011
0.010
0.010
0.009
0.008
0.007
0.005
0.004
0.003
0.001
-0.002
-0.004
-0.007
-0.009
-0.012
-0.015
-0.019
-0.022
-0.025
-0.028
-0.031
-0.034
-0.037
-0.040
-0.043
-0.045
-0.048
-0.051
-0.054
-0.058
-0.061
-0.065
-0.068
-0.071
-0.074
-0.077
-0.080
-0.082
-0.084
-0.085
-0.086
-0.086
-0.084
-0.082
-0.077
-0.072
-0.065
-0.057
-0.047
-0.036
-0.024
-0.012
0.002
0.015
0.029
0.044
0.058
0.074
0.089
0.106
0.120
0.140
0.155
0.167
0.185
0.198
0.211
0.218
0.227
0.231
0.232
0.231
0.227
0.220
0.213
0.193
0.180
0.159
0.133
0.106
0.077
0.044
0.011
-0.022
-0.055
-0.087
-0.119
-0.150
-0.180
-0.209
-0.235
-0.259
-0.281
-0.300
-0.315
-0.328
-0.337
-0.342
-0.344
-0.342
-0.337
-0.328
-0.316
-0.301
-0.283
-0.261
-0.237
-0.210
-0.180
-0.149
-0.115
-0.081
-0.045
-0.009
0.026
0.059
0.090
0.118
0.144
0.167
0.187
0.204
0.219
0.231
0.241
0.248
0.253
0.254
0.252
0.248
0.241
0.232
0.220
0.206
0.189
0.172
0.153
0.132
0.111
0.089
0.067
0.045
0.024
0.002
-0.018
-0.038
-0.056
-0.072
-0.087
-0.099
-0.109
-0.117
-0.123
-0.127
-0.128
-0.128
-0.126
-0.121
-0.115
-0.108
-0.098
-0.088
-0.076
-0.064
-0.052
-0.039
-0.027
-0.014
-0.002
0.009
0.020
0.030
0.038
0.049
0.054
0.056
0.042
0.085
0.059
0.038
0.060
0.055
0.085
-0.036
0.081
-0.048
0.057
-0.058
0.035
-0.083
0.004
-0.090
-0.015
-0.114
-0.046
-0.105
-0.055
-0.107
-0.081
-0.100
-0.093
-0.089
-0.088
-0.083
-0.078
-0.071
-0.063
-0.054
-0.045
-0.034
-0.023
-0.012
-0.002
0.009
0.018
0.031
0.039
0.048
0.057
0.064
0.070
0.074
0.077
0.079
0.080
0.080
0.079
0.077
0.075
0.072
0.066
0.068
0.059
0.055
0.051
0.045
0.039
0.033
0.027
0.022
0.015
0.012
0.004
-0.002
-0.007
-0.013
-0.019
-0.025
-0.030
-0.036
-0.040
-0.044
-0.048
-0.050
-0.052
-0.054
-0.054
-0.054
-0.053
-0.052
-0.052
-0.046
-0.046
-0.042
-0.037
-0.033
-0.028
-0.025
-0.020
-0.013
-0.010
-0.002
-0.013
0.022
-0.023
0.037
0.004
0.012
0.030
0.015
0.010
0.016
0.062
-0.031
0.040
0.028
0.012
0.007
0.034
-0.013
0.017
0.010
-0.000
0.001
-0.001
-0.003
-0.005
-0.006
-0.007
-0.008
-0.008
-0.008
-0.007
-0.006
-0.005
-0.003
-0.001
0.002
0.005
0.007
0.006
0.017
0.013
0.017
0.021
0.022
0.024
0.026
0.028
0.029
0.030
0.030
0.030
0.029
0.027
0.025
0.022
0.018
0.014
0.010
0.006
0.003
0.001
-0.001
-0.002
-0.003
-0.003
-0.003
-0.002
-0.003
-0.004
0.000
-0.004
-0.004
-0.003
-0.003
-0.003
-0.003
-0.001
-0.001
0.001
0.002
0.000
0.009
0.004
0.006
0.008
0.007
0.006
0.006
0.005
0.004
0.003
0.002
0.001
0.001
0.001
0.001
0.001
0.002
0.002
0.003
0.003
0.004
0.004
0.005
0.005
0.006
0.008
0.005
0.009
0.009
0.009
0.009
0.009
0.010
0.010
0.010
0.009
0.009
0.009
0.009
0.009
0.008
0.008
0.008
0.007
0.007
0.007
0.006
0.006
0.006
0.007
0.008
0.009
0.011
0.014
0.017
0.020
0.023
0.027
0.031
0.035
0.038
0.042
0.046
0.049
0.052
0.055
0.056
0.056
0.055
0.053
0.050
0.046
0.041
0.036
0.031
0.025
0.019
0.012
0.006
-0.001
-0.008
-0.015
-0.021
-0.027
-0.032
-0.037
-0.042
-0.045
-0.049
-0.052
-0.053
-0.056
-0.057
-0.057
-0.057
-0.056
-0.056
-0.053
-0.051
-0.049
-0.044
-0.040
-0.037
-0.035
-0.029
-0.023
-0.018
-0.014
-0.009
-0.004
0.001
0.005
0.011
0.014
0.016
0.023
0.015
0.035
0.009
0.032
0.019
0.029
0.016
0.037
0.014
0.032
0.034
0.034
0.035
0.037
0.049
0.042
0.046
0.049
0.050
0.051
0.052
0.052
0.053
0.053
0.052
0.048
0.054
0.046
0.044
0.044
0.039
0.035
0.030
0.007
0.037
0.011
-0.009
0.011
-0.006
-0.012
-0.044
0.007
-0.046
-0.023
-0.027
-0.020
-0.062
-0.026
-0.063
-0.003
-0.093
-0.008
-0.074
-0.023
-0.078
-0.013
-0.086
-0.020
-0.070
-0.019
-0.077
-0.026
-0.057
-0.037
-0.046
-0.030
-0.045
-0.039
-0.038
-0.036
-0.033
-0.031
-0.032
-0.027
-0.025
-0.022
-0.019
-0.017
-0.009
-0.008
-0.003
0.002
0.007
0.012
0.017
0.023
0.027
0.032
0.036
0.039
0.043
0.045
0.047
0.049
0.049
0.049
0.048
0.046
0.043
0.040
0.036
0.032
0.026
0.023
0.017
0.008
0.011
0.002
-0.008
-0.003
-0.015
-0.015
-0.018
-0.022
-0.023
-0.025
-0.026
-0.026
-0.027
-0.027
-0.028
-0.028
-0.028
-0.028
-0.028
-0.028
-0.026
-0.026
-0.021
-0.027
-0.009
-0.039
0.003
-0.025
-0.016
-0.001
-0.017
-0.019
-0.025
0.035
-0.042
-0.009
0.000
-0.020
-0.020
0.009
-0.031
-0.004
-0.008
-0.014
-0.010
-0.006
-0.012
-0.005
-0.004
-0.003
-0.001
0.002
0.003
0.005
0.006
0.007
0.008
0.009
0.010
0.010
0.010
0.009
0.008
0.007
0.005
0.003
0.001
-0.001
-0.003
-0.005
-0.007
-0.008
-0.010
-0.011
-0.012
-0.012
-0.012
-0.012
-0.011
-0.010
-0.008
-0.006
-0.003
-0.001
0.001
0.003
0.005
0.007
0.008
0.006
0.013
0.008
0.009
0.012
0.009
0.010
0.010
0.009
0.008
0.006
0.007
0.004
0.003
0.003
0.001
0.000
-0.001
-0.002
-0.003
-0.005
-0.006
-0.007
-0.008
-0.009
-0.010
-0.011
-0.012
-0.012
-0.012
-0.012
-0.012
-0.011
-0.010
-0.009
-0.008
-0.008
-0.007
-0.008
-0.002
-0.004
-0.004
-0.015
0.015
-0.008
-0.005
0.001
-0.000
0.000
-0.000
-0.001
0.001
0.005
0.006
0.006
0.009
0.012
0.014
0.017
0.018
0.019
0.018
0.018
0.016
0.013
0.014
0.009
0.008
0.007
0.006
0.005
0.004
0.004
0.003
0.003
0.003
0.004
0.003
0.004
0.005
0.004
0.007
0.007
0.008
0.009
0.009
0.010
0.010
0.010
0.011
0.010
0.010
0.010
0.009
0.008
0.006
0.005
0.003
0.001
0.001
-0.002
-0.003
-0.004
-0.005
-0.006
-0.007
-0.008
-0.008
-0.008
-0.008
-0.008
-0.008
-0.008
-0.007
-0.006
-0.005
-0.004
-0.003
-0.002
-0.001
0.000
0.001
0.002
0.003
0.004
0.005
0.005
0.006
0.006
0.006
0.006
0.005
0.004
0.004
0.004
-0.001
0.001
-0.001
-0.003
-0.004
-0.005
-0.005
-0.005
-0.005
-0.005
-0.004
-0.003
-0.003
-0.001
-0.000
0.001
0.002
0.004
0.005
0.006
0.007
0.006
0.010
0.006
0.006
0.005
0.004
0.002
0.001
-0.000
-0.002
-0.003
-0.004
-0.005
-0.006
-0.007
-0.008
-0.009
-0.009
-0.009
-0.009
-0.009
-0.008
-0.008
-0.006
-0.006
-0.005
-0.004
-0.003
-0.002
-0.001
-0.000
0.001
0.001
0.002
0.002
0.003
0.003
0.003
0.004
0.001
0.003
0.003
0.002
0.002
0.002
0.001
0.000
-0.000
-0.001
-0.003
-0.004
-0.005
-0.007
-0.008
-0.010
-0.010
-0.010
-0.010
-0.009
-0.008
-0.007
-0.006
-0.004
-0.002
-0.001
0.000
0.001
0.003
0.004
0.005
0.005
0.006
0.006
0.005
0.001
0.008
0.001
-0.000
-0.000
-0.002
-0.002
-0.008
-0.005
-0.007
-0.009
-0.010
-0.010
-0.011
-0.011
-0.010
-0.010
-0.009
-0.008
-0.008
-0.005
-0.008
0.001
-0.011
0.031
-0.037
0.025
-0.034
0.047
-0.048
0.048
-0.036
0.036
-0.034
0.047
-0.041
0.031
-0.012
0.017
-0.019
0.015
-0.017
0.024
-0.042
0.020
-0.009
-0.022
-0.007
0.006
-0.005
-0.050
0.022
-0.023
-0.020
0.004
-0.008
-0.010
-0.007
-0.007
0.002
-0.009
0.013
-0.002
0.005
0.006
0.006
0.008
0.008
0.008
0.008
0.008
0.008
0.008
0.007
0.006
0.005
0.004
0.003
0.001
-0.000
-0.002
-0.004
-0.005
-0.007
-0.009
-0.008
-0.009
-0.009
-0.014
0.001
-0.008
-0.005
-0.000
-0.000
0.001
0.003
0.005
0.002
0.005
0.008
0.005
0.006
0.007
0.007
0.008
0.007
0.007
0.007
0.006
0.006
0.005
0.005
0.005
0.005
0.004
0.004
0.004
0.004
0.004
0.004
0.003
0.003
0.003
0.003
0.003
0.003
0.003
0.004
0.004
0.005
0.006
0.007
0.008
0.009
0.010
0.009
0.010
0.009
0.018
-0.002
0.026
-0.004
0.010
0.011
-0.000
0.005
0.004
-0.004
-0.035
0.032
-0.012
-0.033
0.017
-0.017
-0.021
0.023
-0.013
-0.006
0.004
0.002
0.003
0.005
0.000
0.015
0.005
0.008
0.011
0.010
0.010
0.012
0.013
0.013
0.011
0.011
0.011
0.011
0.011
0.011
0.011
0.010
0.009
0.008
0.009
0.002
0.004
0.001
-0.003
-0.005
-0.007
-0.008
-0.009
-0.008
-0.009
-0.007
-0.006
-0.004
-0.002
-0.000
0.002
0.004
0.006
0.008
0.010
0.013
0.014
0.016
0.016
0.016
0.016
0.015
0.013
0.011
0.009
0.008
0.009
0.007
0.007
0.010
0.007
0.003
0.029
-0.017
0.062
-0.064
0.085
-0.046
0.042
-0.004
0.032
-0.021
0.036
-0.008
0.012
0.013
0.018
-0.006
0.016
0.013
-0.004
0.021
-0.003
0.007
0.003
0.001
0.001
0.001
0.000
0.000
-0.006
0.010
-0.001
0.004
0.002
0.013
0.005
0.008
0.011
0.012
0.012
0.016
0.015
0.018
0.014
0.020
0.015
0.016
0.018
0.018
0.018
0.017
0.016
0.014
0.012
0.010
0.007
0.005
0.003
0.000
-0.002
-0.002
-0.001
-0.001
-0.000
0.000
0.001
0.003
0.006
0.002
0.007
0.007
0.007
0.009
0.010
0.011
0.012
0.014
0.016
0.017
0.019
0.020
0.021
0.021
0.022
0.018
0.019
0.017
0.014
0.012
0.010
0.007
0.001
0.009
-0.001
-0.001
-0.000
-0.002
-0.003
-0.003
-0.003
-0.002
-0.001
0.000
0.002
0.004
0.006
0.007
0.009
0.010
0.010
0.011
0.011
0.011
0.011
0.011
0.011
0.011
0.010
0.010
0.009
0.008
0.007
0.006
0.005
0.003
0.002
0.001
0.000
-0.002
-0.002
-0.003
-0.006
-0.004
-0.009
-0.006
-0.003
-0.004
-0.007
-0.006
-0.005
-0.003
-0.002
-0.001
0.001
0.002
0.003
0.004
0.005
0.005
0.005
0.005
0.004
0.003
0.002
0.002
0.001
0.000
-0.001
-0.001
-0.002
-0.003
-0.003
-0.004
-0.005
-0.006
-0.007
-0.007
-0.008
-0.009
-0.009
-0.009
-0.009
-0.009
-0.009
-0.008
-0.008
-0.007
-0.006
-0.005
-0.004
-0.003
-0.001
-0.002
-0.001
-0.002
0.004
-0.000
0.004
0.004
0.003
0.003
0.004
0.004
0.003
0.003
0.002
0.001
-0.001
-0.002
-0.004
-0.005
-0.007
-0.008
-0.007
-0.008
-0.007
-0.006
-0.005
-0.003
-0.002
-0.000
0.001
0.002
0.002
0.003
0.003
0.004
0.004
0.004
0.004
0.006
0.005
0.005
0.005
0.005
0.005
0.004
0.003
0.001
-0.000
-0.002
-0.004
-0.006
-0.008
-0.009
-0.009
-0.010
-0.009
-0.009
-0.008
-0.007
-0.006
-0.005
-0.004
-0.004
-0.004
-0.005
-0.005
-0.005
-0.005
-0.006
-0.005
-0.005
-0.004
-0.004
-0.003
-0.002
-0.002
-0.001
0.000
0.001
0.002
0.003
0.004
0.006
0.007
0.008
0.008
0.009
0.009
0.010
0.010
0.009
0.008
0.008
0.009
0.008
0.006
0.004
0.000
0.006
-0.001
-0.001
-0.000
-0.001
-0.001
-0.000
0.000
0.000
-0.001
0.005
0.002
0.000
0.004
-0.001
0.021
-0.029
0.028
-0.019
0.006
0.014
0.022
-0.001
0.000
0.017
0.006
0.008
0.024
-0.009
0.021
0.000
0.012
0.000
0.018
-0.010
0.018
-0.010
0.006
-0.002
0.006
-0.008
0.025
-0.012
-0.020
0.009
0.027
-0.020
-0.013
0.036
-0.017
0.003
0.016
0.010
0.005
0.004
0.009
0.008
0.009
0.010
0.009
0.009
0.007
0.012
0.007
0.007
0.008
0.007
0.006
0.006
0.005
0.005
0.005
0.003
0.001
0.002
0.003
0.001
-0.002
-0.003
-0.004
-0.005
-0.005
-0.005
-0.004
-0.003
-0.000
0.002
0.005
0.008
0.011
0.014
0.016
0.017
0.017
0.017
0.017
0.016
0.015
0.014
0.013
0.012
0.010
0.009
0.007
0.005
0.003
0.002
0.000
-0.001
-0.001
-0.004
-0.003
-0.003
-0.004
-0.003
-0.003
-0.002
-0.001
0.000
0.002
0.003
0.005
0.006
0.007
0.008
0.009
0.009
0.007
0.013
0.009
0.009
0.011
0.012
0.014
0.009
0.013
0.009
0.030
-0.012
0.025
0.011
0.010
0.021
-0.006
-0.010
-0.018
0.043
-0.037
0.016
-0.007
-0.015
-0.010
0.008
-0.016
-0.000
0.001
-0.006
0.005
0.006
0.006
0.014
0.014
0.016
0.018
0.017
0.017
0.015
0.015
0.011
0.009
0.008
0.003
0.003
-0.000
-0.002
-0.002
-0.008
-0.007
-0.009
-0.010
-0.010
-0.010
-0.009
-0.008
-0.007
-0.005
-0.003
-0.002
-0.001
-0.005
0.006
-0.003
0.002
0.002
0.002
0.003
0.000
0.002
0.001
-0.001
0.000
-0.002
-0.003
-0.004
-0.005
-0.004
-0.005
-0.005
-0.006
-0.004
-0.008
0.003
-0.022
-0.000
-0.027
0.029
-0.077
0.050
-0.073
0.013
-0.032
-0.002
-0.040
0.008
-0.040
-0.001
-0.020
-0.011
-0.009
-0.009
-0.006
-0.005
0.001
0.001
0.003
0.005
0.005
0.006
0.007
0.006
0.006
-0.002
0.012
-0.004
0.005
-0.000
-0.001
-0.001
-0.002
-0.006
-0.001
-0.006
-0.006
-0.005
-0.006
-0.006
-0.006
-0.006
-0.005
-0.004
-0.003
-0.002
-0.001
0.001
0.002
0.004
0.005
0.007
0.004
0.006
0.006
0.006
0.005
0.003
0.002
0.001
0.001
-0.000
-0.002
-0.003
-0.004
-0.004
-0.008
-0.006
-0.008
-0.013
-0.004
-0.011
-0.010
-0.010
-0.008
-0.009
-0.009
-0.007
-0.007
-0.006
-0.005
-0.004
-0.002
-0.001
-0.000
-0.001
0.004
0.001
0.002
0.003
0.004
0.004
0.004
0.003
0.003
0.002
-0.001
-0.004
-0.002
-0.001
0.002
-0.010
-0.011
-0.010
-0.012
-0.013
-0.014
-0.015
-0.015
-0.015
-0.014
-0.013
-0.011
-0.009
-0.007
-0.006
-0.004
-0.002
0.000
0.002
0.004
0.006
0.007
0.008
0.009
0.010
0.009
0.009
0.008
0.007
0.007
0.005
0.010
0.000
0.018
-0.020
0.018
-0.002
0.001
0.007
-0.012
-0.018
-0.008
0.040
-0.053
0.006
-0.008
-0.021
-0.012
0.004
-0.026
0.000
-0.002
-0.010
0.007
0.002
0.007
0.013
0.017
0.022
0.028
0.033
0.037
0.039
0.051
0.048
0.053
0.059
0.058
0.062
0.061
0.058
0.061
0.053
0.049
0.045
0.038
0.031
0.023
0.015
0.007
-0.002
-0.011
-0.020
-0.031
-0.040
-0.048
-0.051
-0.067
-0.068
-0.075
-0.081
-0.084
-0.089
-0.088
-0.093
-0.095
-0.095
-0.096
-0.094
-0.095
-0.091
-0.087
-0.082
-0.075
-0.067
-0.059
-0.055
-0.031
-0.038
-0.007
-0.032
0.033
-0.055
0.084
-0.032
0.058
0.017
0.056
0.028
0.083
0.042
0.087
0.072
0.085
0.091
0.095
0.100
0.102
0.106
0.107
0.108
0.108
0.107
0.104
0.100
0.094
0.089
0.078
0.079
0.052
0.055
0.043
0.030
0.022
0.013
0.002
-0.005
-0.014
-0.022
-0.029
-0.035
-0.041
-0.045
-0.048
-0.050
-0.052
-0.052
-0.051
-0.050
-0.048
-0.045
-0.042
-0.038
-0.035
-0.031
-0.024
-0.017
-0.013
-0.010
-0.005
0.001
0.005
0.010
0.014
0.016
0.019
0.021
0.023
0.022
0.025
0.023
0.022
0.022
0.019
0.017
0.015
0.013
0.009
0.005
0.002
-0.001
-0.003
-0.006
-0.009
-0.011
-0.013
-0.015
-0.015
-0.014
-0.016
-0.012
-0.011
-0.008
-0.005
-0.002
0.001
0.004
0.007
0.010
0.012
0.015
0.021
0.029
0.019
0.022
0.025
0.030
0.033
0.032
0.032
0.032
0.032
0.032
0.031
0.030
0.029
0.027
0.025
0.024
0.022
0.021
0.020
0.019
0.019
0.019
0.019
0.018
0.018
0.017
0.016
0.015
0.014
0.013
0.012
0.011
0.009
0.007
0.005
0.003
0.001
-0.002
-0.004
-0.006
-0.008
-0.010
-0.012
-0.013
-0.015
-0.016
-0.014
-0.016
-0.013
-0.027
0.004
-0.043
0.013
-0.022
-0.012
0.004
-0.010
-0.010
-0.012
0.044
-0.038
0.031
0.024
0.011
0.019
0.028
0.018
0.027
0.025
0.023
0.022
0.021
0.019
0.016
0.014
0.012
0.009
0.007
0.003
0.000
-0.002
0.000
-0.013
-0.009
-0.005
-0.014
-0.013
-0.012
-0.014
-0.014
-0.014
-0.015
-0.015
-0.015
-0.014
-0.014
-0.013
-0.013
-0.011
-0.011
-0.010
-0.007
-0.010
-0.006
-0.006
-0.006
-0.005
-0.005
-0.004
-0.004
-0.004
-0.004
-0.004
-0.004
-0.005
-0.005
-0.006
-0.006
-0.007
-0.007
-0.008
-0.009
-0.009
-0.009
-0.010
-0.012
-0.007
-0.011
-0.010
-0.008
-0.008
-0.006
-0.005
-0.003
-0.001
0.000
0.002
0.003
0.004
0.005
0.005
0.005
0.005
0.005
0.005
0.004
0.004
0.003
0.001
-0.001
-0.004
-0.002
-0.011
-0.002
-0.013
-0.005
-0.018
0.029
-0.072
0.052
-0.071
0.029
-0.041
0.017
-0.034
0.021
-0.025
0.004
0.004
0.006
-0.011
0.007
0.001
-0.001
-0.001
-0.002
-0.003
-0.004
-0.004
-0.004
-0.004
-0.005
-0.005
-0.005
-0.004
-0.004
-0.004
-0.006
-0.001
-0.004
-0.002
-0.001
-0.000
0.000
0.001
0.002
0.002
-0.000
0.007
0.002
0.003
0.004
0.004
0.004
0.004
0.004
0.004
0.004
0.004
0.004
0.004
0.003
0.003
0.002
0.002
0.002
0.002
0.002
0.002
0.003
0.003
0.005
0.004
0.006
0.007
0.008
0.010
0.012
0.013
0.015
0.016
0.018
0.019
0.020
0.021
0.021
0.021
0.021
0.021
0.020
0.018
0.016
0.013
0.009
0.005
0.001
-0.004
-0.009
-0.012
-0.015
-0.018
-0.019
-0.020
-0.020
-0.020
-0.023
-0.016
-0.021
-0.023
-0.024
-0.021
-0.017
-0.019
-0.022
-0.022
-0.020
-0.019
-0.018
-0.017
-0.016
-0.015
-0.014
-0.012
-0.011
-0.008
-0.006
-0.003
-0.001
0.002
0.005
0.007
0.008
0.009
0.010
0.010
0.010
0.009
0.009
0.009
0.009
0.009
0.009
0.010
0.010
0.010
0.011
0.012
0.013
0.013
0.013
0.014
0.015
0.015
0.016
0.016
0.015
0.015
0.013
0.012
0.010
0.008
0.006
0.003
0.000
-0.003
-0.007
-0.011
-0.015
-0.019
-0.023
-0.026
-0.028
-0.030
-0.030
-0.030
-0.029
-0.028
-0.027
-0.025
-0.023
-0.022
-0.020
-0.018
-0.016
-0.013
-0.011
-0.009
-0.006
-0.004
-0.001
0.001
0.004
0.005
0.007
0.008
0.008
0.008
0.007
0.007
0.003
0.005
0.002
-0.003
-0.000
-0.002
-0.003
-0.006
-0.004
-0.005
-0.006
-0.006
-0.006
-0.006
-0.003
-0.008
-0.002
-0.002
-0.002
-0.000
0.001
0.002
0.003
0.005
0.006
0.007
0.008
0.008
0.009
0.009
0.008
0.008
0.007
0.006
0.005
0.004
0.003
0.002
0.002
0.001
0.000
-0.000
-0.001
-0.002
-0.003
-0.004
-0.005
-0.006
-0.007
-0.008
-0.009
-0.009
-0.009
-0.008
-0.007
-0.005
-0.003
-0.002
0.000
0.002
0.003
0.005
0.006
0.006
0.007
0.007
0.007
0.007
0.006
0.005
0.004
0.002
0.000
-0.002
-0.004
-0.006
-0.008
-0.010
-0.011
-0.013
-0.014
-0.015
-0.016
-0.016
-0.015
-0.014
-0.012
-0.010
-0.008
-0.005
-0.002
0.001
0.003
0.005
0.007
0.009
0.010
0.011
0.012
0.013
0.013
0.013
0.013
0.012
0.011
0.010
0.009
0.007
0.006
0.004
0.003
0.001
-0.000
0.002
0.000
-0.003
-0.022
0.019
-0.007
-0.027
-0.000
0.000
0.038
-0.073
0.054
-0.063
0.054
-0.048
0.058
-0.048
0.051
-0.031
0.054
-0.035
0.041
-0.010
0.046
-0.001
0.028
0.011
0.017
0.019
0.016
0.016
0.014
0.013
0.011
0.009
0.008
0.007
0.006
0.005
0.005
0.004
0.003
0.005
0.003
0.004
0.005
0.005
0.006
0.008
0.009
0.011
0.013
0.015
0.017
0.020
0.023
0.025
0.025
0.032
0.028
0.029
0.030
0.029
0.028
0.027
0.025
0.023
0.019
0.019
0.014
0.011
0.008
0.004
0.001
-0.002
-0.005
-0.007
-0.009
-0.011
-0.012
-0.013
-0.013
-0.013
-0.013
-0.013
-0.013
-0.012
-0.013
-0.008
-0.009
-0.007
-0.005
-0.003
-0.000
-0.000
0.003
0.007
0.007
0.012
-0.002
0.030
-0.018
0.038
0.003
0.008
0.024
0.006
-0.001
0.003
0.046
-0.048
0.021
0.008
-0.010
-0.015
0.013
-0.033
-0.003
-0.007
-0.016
-0.013
-0.013
-0.013
-0.013
-0.013
-0.012
-0.011
-0.010
-0.008
-0.007
-0.005
-0.004
-0.002
-0.001
0.001
0.003
0.004
0.002
0.011
0.005
0.007
0.009
0.008
0.008
0.008
0.008
0.007
0.007
0.006
0.005
0.004
0.003
0.002
0.001
0.000
-0.000
-0.001
-0.001
-0.002
-0.002
-0.002
-0.002
-0.002
-0.001
-0.000
0.001
0.001
0.001
0.007
0.004
0.005
0.007
0.007
0.007
0.007
0.008
0.007
0.008
0.008
0.004
0.012
0.006
0.006
0.008
0.007
0.007
0.007
0.006
0.005
0.004
0.003
0.002
0.001
0.001
0.000
-0.000
-0.000
-0.000
0.000
0.001
0.002
0.002
0.003
0.004
0.004
0.007
0.004
0.008
0.008
0.008
0.009
0.009
0.010
0.010
0.010
0.010
0.010
0.010
0.009
0.009
0.008
0.007
0.006
0.005
0.004
0.003
0.001
0.000
-0.001
-0.002
-0.003
-0.004
-0.005
-0.005
-0.005
-0.004
-0.003
-0.001
0.001
0.003
0.006
0.008
0.011
0.013
0.014
0.015
0.017
0.017
0.018
0.018
0.018
0.017
0.015
0.014
0.011
0.009
0.006
0.003
0.001
-0.001
-0.002
-0.003
-0.003
-0.003
-0.003
-0.003
-0.002
-0.002
-0.001
-0.001
0.001
0.001
0.002
0.004
0.004
0.005
0.006
0.007
0.008
0.008
0.010
0.011
0.010
0.008
0.010
0.012
0.013
0.013
0.013
0.013
0.013
0.012
0.013
0.010
0.007
0.011
-0.000
0.016
-0.012
0.009
-0.007
0.002
-0.013
0.005
-0.021
-0.005
-0.006
-0.007
-0.007
-0.006
0.008
0.003
0.008
0.014
0.017
0.018
0.019
0.019
0.019
0.018
0.016
0.010
0.016
0.006
0.005
0.005
0.001
-0.002
-0.005
-0.025
0.010
-0.011
-0.025
0.001
-0.008
-0.008
-0.033
0.024
-0.024
0.004
0.004
0.015
-0.024
0.015
-0.019
0.043
-0.045
0.041
-0.024
0.025
-0.025
0.043
-0.040
0.018
