0.007
0.007
0.006
0.004
0.002
0.004
-0.010
-0.003
-0.006
-0.008
-0.007
-0.005
-0.005
-0.004
-0.001
0.002
0.004
0.006
0.007
0.009
0.010
0.012
0.014
0.015
0.017
0.018
0.020
0.021
0.022
0.023
0.023
0.024
0.024
0.024
0.024
0.023
0.022
0.021
0.020
0.018
0.017
0.015
0.013
0.011
0.008
0.006
0.002
-0.002
-0.002
-0.002
-0.004
-0.007
-0.009
-0.010
-0.015
-0.015
-0.017
-0.002
-0.008
-0.014
-0.011
0.014
-0.041
-0.004
0.010
-0.012
-0.002
0.010
0.003
0.019
-0.024
0.032
-0.015
0.013
0.002
0.002
0.003
0.002
0.002
-0.004
0.004
-0.010
0.002
-0.008
-0.009
-0.008
-0.010
-0.014
-0.007
-0.015
-0.012
-0.012
-0.012
-0.011
-0.010
-0.008
-0.009
-0.007
-0.005
0.005
-0.016
0.004
-0.002
-0.012
0.007
0.011
0.000
-0.021
0.038
-0.015
0.003
0.009
0.002
0.004
0.006
0.008
0.002
-0.007
-0.005
-0.001
-0.002
-0.005
-0.007
-0.008
-0.010
-0.009
-0.009
-0.010
-0.010
-0.009
-0.009
-0.008
-0.006
-0.005
-0.003
-0.002
-0.000
0.001
0.002
0.002
0.002
0.003
0.003
0.006
-0.002
0.003
0.001
-0.002
-0.002
-0.003
-0.004
-0.008
-0.009
-0.010
-0.010
-0.011
-0.011
-0.011
-0.011
-0.011
-0.011
-0.011
-0.011
-0.011
-0.010
-0.011
-0.010
-0.009
-0.009
-0.008
-0.007
-0.005
-0.004
-0.003
-0.001
0.000
0.000
-0.000
-0.000
-0.000
-0.001
-0.002
-0.004
-0.005
-0.007
-0.008
-0.010
-0.012
-0.013
-0.015
-0.016
-0.018
-0.018
-0.018
-0.018
-0.018
-0.015
-0.015
-0.012
-0.010
-0.007
-0.004
-0.001
0.002
0.005
0.009
0.012
0.016
0.018
0.020
0.025
0.024
0.025
0.027
0.027
0.026
0.026
0.025
0.023
0.022
0.020
0.017
0.015
0.012
0.009
0.006
0.003
0.001
-0.002
-0.005
-0.007
-0.009
-0.011
-0.013
-0.014
-0.015
-0.016
-0.016
-0.017
-0.017
-0.017
-0.016
-0.016
-0.016
-0.015
-0.014
-0.014
-0.013
-0.012
-0.011
-0.010
-0.009
-0.008
-0.007
-0.006
-0.005
-0.004
-0.003
-0.003
-0.002
-0.002
-0.001
-0.001
-0.000
0.000
-0.000
0.004
0.005
0.003
0.009
0.010
0.012
0.013
0.017
0.019
0.021
0.024
0.026
0.028
0.031
0.033
0.038
0.035
0.041
0.043
0.037
0.055
0.035
0.058
0.046
0.053
0.044
0.070
0.052
0.057
0.063
0.061
0.060
0.061
0.063
0.058
0.058
0.055
0.052
0.048
0.042
0.035
0.027
0.018
0.010
-0.004
-0.010
-0.025
-0.036
-0.047
-0.060
-0.072
-0.075
-0.109
-0.099
-0.116
-0.139
-0.130
-0.146
-0.158
-0.192
-0.139
-0.189
-0.177
-0.180
-0.162
-0.187
-0.152
-0.173
-0.098
-0.161
-0.073
-0.109
-0.042
-0.067
0.022
-0.014
0.063
0.045
0.124
0.100
0.164
0.158
0.198
0.210
0.244
0.244
0.258
0.271
0.281
0.282
0.285
0.283
0.280
0.272
0.262
0.250
0.233
0.216
0.195
0.172
0.148
0.122
0.094
0.066
0.038
0.010
-0.021
-0.048
-0.076
-0.103
-0.126
-0.148
-0.166
-0.182
-0.196
-0.206
-0.214
-0.219
-0.222
-0.222
-0.222
-0.219
-0.213
-0.201
-0.200
-0.180
-0.168
-0.160
-0.130
-0.122
-0.102
-0.080
-0.062
-0.042
-0.023
-0.004
0.015
0.030
0.046
0.061
0.074
0.086
0.096
0.104
0.110
0.114
0.116
0.116
0.114
0.111
0.106
0.100
0.095
0.085
0.076
0.067
0.056
0.045
0.034
0.023
0.012
0.001
-0.009
-0.019
-0.028
-0.036
-0.042
-0.047
-0.050
-0.052
-0.051
-0.051
-0.048
-0.044
-0.039
-0.033
-0.027
-0.020
-0.012
-0.003
0.006
0.015
0.024
0.033
0.041
0.048
0.055
0.061
0.067
0.071
0.074
0.075
0.075
0.074
0.072
0.068
0.063
0.058
0.051
0.044
0.037
0.029
0.020
0.012
0.003
-0.005
-0.017
-0.023
-0.031
-0.040
-0.047
-0.053
-0.059
-0.064
-0.068
-0.071
-0.072
-0.073
-0.072
-0.070
-0.068
-0.065
-0.061
-0.057
-0.053
-0.049
-0.044
-0.040
-0.032
-0.029
-0.024
-0.018
-0.012
-0.007
-0.002
0.003
0.008
0.012
0.017
0.021
0.025
0.029
0.033
0.036
0.039
0.042
0.044
0.045
0.046
0.046
0.046
0.045
0.044
0.042
0.040
0.037
0.034
0.030
0.026
0.022
0.017
0.013
0.008
0.004
0.000
-0.003
-0.009
-0.010
-0.013
-0.016
-0.018
-0.020
-0.021
-0.022
-0.022
-0.021
-0.021
-0.019
-0.018
-0.017
-0.015
-0.013
-0.012
-0.010
-0.008
-0.006
-0.004
-0.002
-0.001
0.001
0.002
0.003
0.004
0.005
0.005
0.004
0.003
0.002
0.001
-0.001
-0.003
-0.007
-0.003
-0.011
-0.013
-0.014
-0.016
-0.017
-0.023
-0.021
-0.023
-0.025
-0.025
-0.025
-0.024
-0.023
-0.022
-0.020
-0.019
-0.017
-0.016
-0.012
-0.014
-0.004
-0.013
0.026
-0.033
0.022
-0.028
0.044
-0.039
0.045
-0.027
0.035
-0.026
0.043
-0.034
0.028
-0.009
0.015
-0.017
0.013
-0.015
0.020
-0.036
0.019
-0.006
-0.017
-0.003
0.009
-0.000
-0.040
0.024
-0.015
-0.012
0.009
-0.002
-0.005
-0.003
-0.004
0.002
-0.009
0.007
-0.007
-0.003
-0.003
-0.004
-0.004
-0.005
-0.005
-0.006
-0.006
-0.007
-0.007
-0.008
-0.008
-0.008
-0.009
-0.009
-0.009
-0.009
-0.009
-0.009
-0.009
-0.008
-0.008
-0.007
-0.006
-0.006
-0.011
0.002
-0.008
-0.007
-0.005
-0.006
-0.007
-0.008
-0.007
-0.013
-0.013
-0.012
-0.018
-0.020
-0.022
-0.024
-0.027
-0.030
-0.032
-0.035
-0.037
-0.039
-0.040
-0.041
-0.040
-0.040
-0.038
-0.036
-0.033
-0.029
-0.024
-0.019
-0.014
-0.008
-0.003
0.002
0.007
0.013
0.018
0.023
0.027
0.032
0.036
0.039
0.043
0.046
0.048
0.048
0.050
0.049
0.057
0.039
0.063
0.035
0.047
0.046
0.034
0.038
0.035
0.027
-0.003
0.053
0.011
-0.012
0.027
-0.007
-0.015
0.019
-0.018
-0.015
-0.010
-0.014
-0.016
-0.018
-0.024
-0.015
-0.025
-0.025
-0.024
-0.028
-0.030
-0.029
-0.029
-0.030
-0.033
-0.034
-0.034
-0.035
-0.035
-0.036
-0.036
-0.037
-0.037
-0.037
-0.035
-0.040
-0.036
-0.035
-0.035
-0.034
-0.032
-0.030
-0.028
-0.025
-0.023
-0.019
-0.014
-0.009
-0.004
0.003
0.009
0.016
0.022
0.027
0.031
0.034
0.037
0.038
0.039
0.040
0.040
0.040
0.040
0.040
0.041
0.041
0.043
0.041
0.041
0.042
0.039
0.035
0.056
0.015
0.083
-0.027
0.102
-0.013
0.063
0.021
0.051
0.002
0.050
0.009
0.024
0.021
0.023
-0.000
0.017
0.012
-0.004
0.016
-0.006
0.001
-0.005
-0.010
-0.013
-0.017
-0.021
-0.026
-0.035
-0.025
-0.039
-0.037
-0.042
-0.034
-0.041
-0.040
-0.037
-0.036
-0.035
-0.031
-0.031
-0.027
-0.027
-0.018
-0.018
-0.014
-0.008
-0.004
0.000
0.005
0.009
0.014
0.018
0.021
0.024
0.027
0.028
0.028
0.026
0.026
0.026
0.025
0.025
0.025
0.025
0.025
0.026
0.020
0.022
0.020
0.018
0.017
0.015
0.014
0.014
0.013
0.011
0.010
0.009
0.008
0.008
0.007
0.009
0.006
0.009
0.009
0.008
0.008
0.008
0.007
0.003
0.011
0.003
0.003
0.004
0.002
0.000
-0.001
-0.003
-0.004
-0.006
-0.007
-0.007
-0.008
-0.008
-0.008
-0.007
-0.007
-0.006
-0.005
-0.004
-0.003
-0.002
-0.001
0.000
0.001
0.002
0.004
0.005
0.006
0.007
0.008
0.008
0.009
0.009
0.009
0.009
0.007
0.006
0.004
0.001
-0.000
-0.006
-0.005
-0.003
-0.005
-0.009
-0.010
-0.009
-0.008
-0.008
-0.008
-0.008
-0.007
-0.007
-0.007
-0.006
-0.005
-0.004
-0.003
-0.002
-0.001
0.000
0.002
0.003
0.004
0.005
0.006
0.007
0.008
0.009
0.009
0.010
0.010
0.010
0.010
0.010
0.009
0.008
0.008
0.007
0.006
0.005
0.004
0.003
0.003
0.002
0.002
0.002
0.002
0.003
0.001
-0.000
-0.002
0.002
-0.003
-0.002
-0.003
-0.005
-0.006
-0.007
-0.009
-0.010
-0.011
-0.012
-0.014
-0.014
-0.015
-0.015
-0.014
-0.013
-0.012
-0.010
-0.009
-0.006
-0.005
-0.004
-0.003
-0.002
-0.002
-0.001
-0.001
-0.001
-0.002
-0.002
-0.002
-0.003
-0.004
-0.005
-0.005
-0.007
-0.007
-0.008
-0.008
-0.008
-0.008
-0.008
-0.007
-0.006
-0.006
-0.005
-0.004
-0.003
-0.002
-0.001
0.001
0.002
0.003
0.004
0.005
0.006
0.007
0.008
0.008
0.008
0.009
0.008
0.008
0.008
0.007
0.006
0.005
0.004
0.003
0.002
0.001
0.000
-0.001
-0.001
-0.002
-0.003
-0.003
-0.004
-0.004
-0.004
-0.005
-0.004
-0.004
-0.004
-0.004
-0.003
-0.003
-0.003
-0.000
0.003
0.004
0.003
0.004
0.002
0.009
0.004
0.004
0.005
0.004
0.003
0.003
0.001
-0.000
-0.003
0.000
-0.003
-0.006
-0.003
-0.009
0.011
-0.034
0.016
-0.025
-0.003
0.005
0.013
-0.007
-0.006
0.010
0.002
0.006
0.021
-0.008
0.020
0.005
0.018
0.003
0.013
0.011
0.009
0.010
0.010
0.006
0.005
0.001
0.013
-0.017
0.016
0.005
-0.011
0.000
0.011
0.004
-0.016
0.008
0.008
-0.028
0.008
0.001
-0.012
0.000
-0.006
-0.006
-0.004
-0.005
-0.004
-0.004
-0.003
-0.002
-0.001
-0.000
0.001
0.002
0.003
0.004
0.005
0.006
0.006
0.007
0.007
0.008
0.008
0.007
0.006
0.005
0.004
0.002
0.001
-0.001
-0.003
-0.005
-0.006
-0.006
-0.006
-0.007
-0.006
-0.005
-0.002
-0.006
-0.003
-0.001
-0.002
0.002
0.002
0.003
0.005
0.006
0.007
0.006
0.008
0.008
0.007
0.007
0.007
0.006
0.006
0.005
0.005
0.004
0.003
0.002
0.001
0.000
-0.001
-0.001
-0.002
-0.003
-0.003
-0.004
-0.004
-0.004
-0.004
-0.004
-0.004
-0.004
-0.003
-0.003
-0.002
-0.001
0.001
0.000
0.004
0.001
0.016
-0.008
0.013
0.011
0.000
0.020
0.008
0.008
-0.019
0.041
-0.019
-0.003
0.020
0.000
-0.018
0.019
-0.017
-0.004
-0.003
-0.006
-0.007
-0.008
-0.009
-0.009
-0.009
-0.009
-0.009
-0.009
-0.008
-0.007
-0.005
-0.004
-0.002
-0.000
0.001
0.003
0.006
0.002
0.007
0.006
0.006
0.006
0.005
0.005
0.004
0.003
0.002
-0.000
-0.002
-0.004
-0.006
-0.007
-0.007
-0.008
-0.008
-0.008
-0.008
-0.010
-0.008
-0.011
0.006
-0.014
-0.004
-0.005
-0.016
0.006
-0.017
0.001
-0.007
-0.007
-0.003
-0.004
-0.003
-0.003
-0.002
-0.002
-0.002
-0.003
-0.003
-0.004
-0.005
-0.006
-0.007
-0.007
-0.008
-0.009
-0.009
-0.009
-0.007
-0.011
-0.008
-0.008
-0.008
-0.007
-0.006
-0.005
-0.004
-0.003
-0.002
-0.001
0.000
0.001
0.002
0.004
0.005
0.005
0.006
0.006
0.005
0.004
0.003
0.001
-0.001
-0.003
-0.006
-0.007
-0.009
-0.010
-0.012
-0.012
-0.012
-0.012
-0.012
-0.014
-0.012
-0.012
-0.012
-0.011
-0.010
-0.009
-0.008
-0.007
-0.006
-0.004
-0.003
-0.002
-0.000
0.000
0.001
0.002
0.007
-0.001
0.007
0.006
-0.003
0.013
0.000
0.001
0.003
0.001
-0.000
-0.002
-0.003
-0.005
-0.006
-0.008
-0.009
-0.010
-0.012
-0.013
-0.013
-0.014
-0.013
-0.016
-0.015
-0.015
0.002
-0.033
0.007
-0.016
-0.006
0.004
-0.006
-0.009
-0.031
0.039
-0.027
-0.008
0.001
-0.014
-0.021
0.013
-0.021
-0.008
-0.008
-0.009
-0.008
-0.008
-0.008
-0.006
-0.007
-0.006
-0.004
-0.004
-0.003
-0.002
-0.002
-0.001
-0.001
-0.001
-0.001
-0.001
-0.001
-0.001
-0.002
-0.003
-0.004
-0.005
-0.007
-0.009
-0.011
-0.012
-0.012
-0.013
-0.013
-0.013
-0.013
-0.013
-0.013
-0.013
-0.013
-0.012
-0.011
-0.010
-0.009
-0.007
-0.006
-0.005
-0.004
-0.003
-0.001
-0.000
0.001
0.002
0.001
0.007
0.001
0.001
-0.009
0.016
-0.009
-0.008
0.011
-0.027
0.009
-0.018
-0.007
-0.010
-0.014
-0.013
-0.009
-0.020
-0.013
-0.011
-0.019
-0.008
-0.018
-0.006
-0.013
-0.007
-0.012
-0.000
-0.006
-0.000
-0.005
0.012
-0.021
0.032
-0.011
0.011
0.006
0.007
-0.004
0.015
-0.037
0.039
-0.028
0.034
-0.016
-0.007
-0.003
-0.011
-0.014
-0.009
-0.001
-0.003
-0.005
-0.003
-0.003
-0.007
-0.005
-0.005
-0.005
-0.003
-0.007
0.007
-0.008
0.010
0.000
0.003
-0.008
0.033
-0.005
-0.013
0.015
0.030
-0.008
-0.002
0.026
-0.019
0.015
0.011
0.001
0.003
-0.002
0.007
-0.002
-0.002
-0.001
-0.002
-0.002
-0.005
-0.002
-0.005
-0.002
-0.002
-0.001
0.000
0.002
0.003
0.004
0.007
0.007
0.007
0.008
0.008
0.007
0.007
0.006
0.006
0.006
0.006
0.007
0.007
0.008
0.008
0.008
0.008
0.008
0.007
0.006
0.004
0.003
0.001
-0.000
-0.001
-0.002
-0.003
-0.004
-0.004
-0.002
-0.003
-0.004
-0.004
-0.003
-0.002
-0.000
-0.001
0.002
0.003
0.003
0.004
0.005
0.005
0.007
0.004
0.006
0.005
0.004
0.004
0.003
0.002
0.002
0.001
-0.000
-0.001
-0.002
-0.003
-0.002
-0.007
-0.004
-0.004
-0.005
-0.004
-0.005
-0.001
-0.011
0.007
-0.021
0.014
-0.004
0.006
0.018
0.000
-0.009
-0.002
0.043
-0.033
0.026
0.014
-0.002
0.004
0.017
-0.010
0.012
0.008
-0.002
0.009
0.001
0.001
0.003
0.002
0.002
0.002
0.002
0.002
-0.001
0.006
-0.001
-0.001
0.001
-0.002
-0.002
-0.003
-0.007
-0.003
-0.007
-0.007
-0.007
-0.008
-0.008
-0.009
-0.009
-0.009
-0.008
-0.008
-0.007
-0.007
-0.006
-0.005
-0.001
-0.007
-0.001
-0.000
-0.001
0.000
-0.000
0.003
0.002
0.001
0.002
0.001
0.001
-0.002
-0.001
-0.003
-0.005
-0.005
-0.006
-0.006
-0.012
0.001
-0.015
0.005
-0.024
0.025
-0.059
0.056
-0.052
0.021
-0.021
0.006
-0.024
0.017
-0.025
0.009
-0.010
-0.003
-0.001
-0.002
0.000
-0.001
0.001
-0.000
-0.000
-0.001
-0.001
-0.002
-0.002
-0.004
-0.003
-0.006
0.003
-0.013
-0.001
-0.002
-0.005
-0.004
-0.004
-0.006
-0.006
-0.006
-0.007
-0.008
-0.008
-0.008
-0.008
-0.008
-0.007
-0.006
-0.005
-0.004
-0.003
-0.002
-0.001
0.001
0.002
0.002
0.002
0.003
0.004
0.004
0.004
0.003
0.002
0.001
0.000
-0.001
-0.003
-0.004
-0.006
-0.008
-0.011
-0.010
-0.014
-0.014
-0.013
-0.016
-0.017
-0.015
-0.012
-0.010
-0.008
-0.006
-0.003
-0.001
0.001
0.002
0.002
0.003
0.003
0.003
0.003
0.001
0.003
0.003
0.002
0.003
0.002
0.002
0.001
0.001
0.000
-0.001
-0.002
-0.003
-0.001
-0.011
-0.006
-0.008
-0.010
-0.010
-0.010
-0.010
-0.010
-0.010
-0.009
-0.008
-0.008
-0.007
-0.006
-0.005
-0.004
-0.003
-0.002
-0.001
0.000
0.002
0.003
0.005
0.006
0.007
0.008
0.008
0.008
0.007
0.005
0.003
0.000
-0.002
-0.005
-0.007
-0.009
-0.010
-0.011
-0.011
-0.012
-0.012
-0.011
-0.010
-0.008
-0.007
-0.005
-0.001
0.001
0.007
-0.002
0.027
-0.013
0.036
0.005
0.008
0.017
0.005
0.006
0.001
0.043
-0.035
0.020
0.010
-0.003
0.001
0.007
-0.003
0.003
0.002
-0.000
0.001
0.001
0.001
0.002
0.002
0.003
0.003
0.004
0.003
0.004
0.005
0.010
0.000
0.007
0.012
0.007
0.009
0.012
0.011
0.013
0.014
0.014
0.015
0.015
0.015
0.015
0.015
0.014
0.014
0.013
0.012
0.012
0.007
0.008
0.005
0.003
0.001
-0.000
-0.002
-0.003
-0.004
-0.005
-0.006
-0.006
-0.006
-0.006
-0.005
-0.004
-0.003
-0.001
0.001
0.002
0.004
0.005
0.006
0.004
0.009
0.006
0.005
0.004
0.005
0.006
0.005
0.003
0.002
0.002
0.001
0.000
-0.001
-0.002
-0.002
-0.003
-0.004
-0.004
-0.006
-0.007
-0.005
-0.002
-0.002
-0.003
-0.001
0.004
-0.003
0.006
0.000
0.013
0.001
0.040
-0.047
0.065
-0.043
0.045
-0.018
0.031
-0.016
0.030
-0.012
0.011
0.010
0.010
-0.006
0.009
0.004
0.001
0.001
-0.001
-0.002
-0.002
-0.003
-0.004
-0.004
-0.004
-0.003
-0.002
-0.001
-0.000
0.001
0.000
0.004
0.000
0.004
0.009
0.009
0.007
0.008
0.009
0.010
0.008
0.014
0.009
0.009
0.010
0.009
0.008
0.006
0.004
0.003
0.003
0.000
-0.002
-0.004
-0.005
-0.006
-0.007
-0.008
-0.009
-0.009
-0.009
-0.009
-0.009
-0.009
-0.006
-0.007
-0.005
-0.004
-0.003
-0.002
-0.000
0.001
0.002
0.002
0.003
0.004
0.004
0.005
0.005
0.006
0.006
0.006
0.006
0.006
0.005
0.004
0.002
-0.001
-0.004
-0.007
-0.011
-0.015
-0.019
-0.023
-0.027
-0.030
-0.033
-0.037
-0.042
-0.038
-0.044
-0.045
-0.046
-0.045
-0.043
-0.041
-0.038
-0.035
-0.031
-0.026
-0.020
-0.014
-0.008
-0.000
0.008
0.016
0.023
0.031
0.038
0.045
0.051
0.056
0.061
0.065
0.069
0.072
0.075
0.076
0.078
0.078
0.077
0.076
0.074
0.071
0.067
0.063
0.058
0.052
0.046
0.039
0.032
0.024
0.017
0.009
0.001
-0.006
-0.013
-0.021
-0.029
-0.036
-0.043
-0.049
-0.054
-0.059
-0.064
-0.068
-0.071
-0.075
-0.078
-0.082
-0.085
-0.087
-0.089
-0.091
-0.092
-0.091
-0.088
-0.085
-0.080
-0.074
-0.068
-0.061
-0.053
-0.044
-0.036
-0.028
-0.020
-0.011
-0.003
0.005
0.013
0.020
0.027
0.032
0.037
0.041
0.044
0.046
0.047
0.048
0.048
0.048
0.044
0.045
0.042
0.035
0.035
0.030
0.027
0.020
0.017
0.013
0.008
0.003
-0.001
-0.005
-0.006
-0.015
-0.013
-0.016
-0.019
-0.019
-0.020
-0.020
-0.020
-0.020
-0.018
-0.017
-0.015
-0.013
-0.010
-0.008
-0.006
-0.003
-0.001
0.002
0.004
0.006
0.008
0.009
0.010
0.011
0.011
0.011
0.010
0.009
0.008
0.006
0.004
0.001
-0.001
-0.004
-0.008
-0.011
-0.014
-0.017
-0.020
-0.022
-0.024
-0.025
-0.026
-0.027
-0.027
-0.027
-0.027
-0.027
-0.026
-0.025
-0.023
-0.021
-0.020
-0.018
-0.017
-0.016
-0.015
-0.014
-0.013
-0.013
-0.012
-0.012
-0.011
-0.010
-0.009
-0.009
-0.008
-0.007
-0.006
-0.005
-0.004
-0.003
-0.002
-0.001
0.001
0.003
0.005
0.006
0.006
0.008
0.011
0.012
0.013
0.014
0.015
0.016
0.016
0.016
0.016
0.015
0.014
0.013
0.011
0.009
0.007
0.005
0.003
0.003
-0.000
-0.004
-0.021
0.013
-0.012
-0.030
-0.009
-0.013
0.017
-0.078
0.036
-0.070
0.026
-0.063
0.033
-0.058
0.030
-0.038
0.041
-0.038
0.026
-0.019
0.031
-0.007
0.022
0.009
0.013
0.016
0.015
0.016
0.016
0.016
0.016
0.015
0.015
0.014
0.013
0.013
0.012
0.011
0.010
0.011
0.009
0.008
0.008
0.007
0.006
0.005
0.005
0.004
0.003
0.003
0.003
0.004
0.004
0.004
0.002
0.008
0.005
0.006
0.008
0.008
0.008
0.009
0.009
0.009
0.008
0.010
0.008
0.008
0.007
0.006
0.005
0.003
0.002
0.001
-0.000
-0.001
-0.002
-0.002
-0.003
-0.003
-0.004
-0.004
-0.003
-0.003
-0.004
-0.000
-0.002
-0.001
0.001
0.002
0.003
0.003
0.005
0.008
0.008
0.012
-0.000
0.028
-0.014
0.035
0.003
0.005
0.015
0.001
-0.003
0.003
0.043
-0.041
0.017
0.007
-0.005
-0.007
0.018
-0.021
0.007
0.003
-0.003
0.001
0.002
0.003
0.003
0.004
0.004
0.004
0.004
0.004
0.003
0.003
0.002
0.001
0.001
0.001
0.000
-0.001
-0.004
0.002
-0.004
-0.004
-0.002
-0.003
-0.003
-0.003
-0.003
-0.003
-0.003
-0.003
-0.003
-0.003
-0.003
-0.003
-0.004
-0.004
-0.005
-0.005
-0.004
-0.004
-0.003
-0.003
-0.002
-0.001
-0.001
-0.000
-0.001
-0.003
-0.005
-0.003
-0.008
-0.009
-0.010
-0.012
-0.014
-0.015
-0.015
-0.017
-0.016
-0.016
-0.019
-0.011
-0.015
-0.013
-0.009
-0.007
-0.004
-0.000
0.003
0.006
0.009
0.011
0.014
0.015
0.017
0.019
0.020
0.021
0.021
0.021
0.021
0.021
0.020
0.019
0.018
0.017
0.018
0.014
0.016
0.015
0.014
0.013
0.013
0.012
0.011
0.009
0.008
0.006
0.004
0.002
-0.000
-0.002
-0.003
-0.005
-0.006
-0.007
-0.009
-0.010
-0.010
-0.011
-0.011
-0.011
-0.011
-0.010
-0.009
-0.008
-0.007
-0.007
-0.007
-0.007
-0.007
-0.008
-0.009
-0.010
-0.011
-0.011
-0.011
-0.011
-0.010
-0.010
-0.009
-0.008
-0.006
-0.004
-0.002
-0.000
0.002
0.005
0.008
0.011
0.014
0.017
0.019
0.021
0.022
0.024
0.025
0.025
0.025
0.025
0.024
0.024
0.022
0.020
0.018
0.016
0.013
0.011
0.009
0.005
0.001
0.001
0.001
-0.002
-0.007
-0.008
-0.007
-0.008
-0.009
-0.008
-0.008
-0.006
-0.004
-0.003
-0.005
-0.004
0.003
-0.005
0.012
-0.010
0.011
-0.000
0.009
-0.003
0.015
-0.007
0.006
0.005
0.001
-0.001
-0.003
0.005
-0.004
-0.004
-0.003
-0.004
-0.005
-0.006
-0.006
-0.006
-0.007
-0.007
-0.010
-0.003
-0.009
-0.007
-0.005
-0.004
-0.003
-0.002
-0.016
0.015
-0.004
-0.014
0.011
0.005
0.007
-0.017
0.031
-0.013
0.011
0.010
0.017
-0.018
0.017
-0.011
0.045
-0.036
0.033
-0.025
0.021
-0.027
0.029
-0.036
0.019
-0.026
0.018
-0.034
0.008
-0.019
-0.001
-0.008
0.007
-0.006
0.000
0.000
0.001
0.004
0.007
0.006
0.009
0.010
0.011
0.011
0.010
0.013
0.009
0.008
0.008
0.005
0.003
0.002
-0.000
-0.002
-0.004
-0.005
-0.007
-0.008
-0.010
-0.011
-0.011
-0.012
-0.012
-0.012
-0.012
-0.012
-0.011
-0.010
-0.009
-0.009
-0.006
-0.006
-0.008
0.001
-0.002
-0.005
0.004
-0.001
0.003
0.003
0.003
0.004
0.004
0.004
0.003
0.003
0.001
0.000
-0.002
-0.003
-0.005
-0.007
-0.008
-0.008
-0.010
-0.010
-0.019
-0.005
-0.033
0.002
-0.023
-0.013
0.002
-0.017
-0.025
-0.032
0.025
-0.038
-0.005
0.005
-0.015
-0.015
0.011
-0.023
0.001
-0.001
-0.007
-0.004
-0.001
-0.008
-0.003
-0.004
-0.006
-0.007
-0.008
-0.009
-0.011
-0.012
-0.014
-0.015
-0.017
-0.018
-0.019
-0.021
-0.022
-0.022
-0.022
-0.022
-0.022
-0.021
-0.020
-0.018
-0.015
-0.013
-0.010
-0.006
-0.003
-0.000
0.002
0.005
0.007
0.008
0.010
0.011
0.011
0.012
0.013
0.013
0.013
0.013
0.013
0.012
0.009
0.014
0.007
0.007
0.007
0.003
0.003
0.001
-0.001
-0.003
-0.005
-0.004
-0.007
-0.007
-0.008
-0.008
-0.008
-0.008
-0.008
-0.007
-0.006
-0.005
-0.003
-0.002
0.000
0.002
0.004
0.005
0.007
0.008
0.009
0.010
0.011
0.012
0.012
0.012
0.012
0.011
0.009
0.012
0.008
0.007
-0.003
0.021
-0.003
-0.002
0.002
0.000
0.000
-0.003
-0.007
-0.006
-0.004
-0.005
-0.007
-0.007
-0.007
-0.007
-0.006
-0.006
-0.006
-0.005
-0.005
-0.004
-0.003
-0.003
-0.002
-0.001
-0.000
0.000
0.001
0.002
0.002
0.002
0.003
0.001
0.002
0.001
-0.000
-0.001
-0.002
-0.003
-0.003
-0.004
-0.005
-0.005
-0.006
-0.006
-0.006
-0.006
-0.007
-0.007
-0.007
-0.007
-0.006
-0.006
-0.006
-0.005
-0.006
-0.003
-0.004
-0.003
-0.000
-0.003
0.000
0.000
-0.000
0.000
-0.000
-0.000
-0.001
-0.001
-0.003
0.000
-0.003
-0.003
-0.003
-0.003
-0.003
-0.003
-0.005
-0.002
-0.005
-0.005
-0.005
-0.007
-0.010
-0.004
-0.010
-0.009
-0.008
-0.008
-0.007
-0.006
-0.005
-0.003
-0.002
-0.001
0.001
0.001
0.001
0.002
0.006
-0.004
0.003
0.003
0.003
0.004
0.005
0.005
0.002
-0.013
-0.022
-0.003
0.036
-0.016
-0.007
-0.014
-0.002
-0.035
-0.001
-0.007
-0.019
-0.009
-0.006
-0.015
-0.024
0.003
-0.012
-0.007
-0.002
-0.003
-0.002
-0.000
0.002
0.003
0.004
0.005
0.005
0.006
0.005
0.004
0.003
0.002
0.000
-0.001
-0.002
-0.003
-0.004
-0.004
-0.005
-0.005
-0.006
-0.006
-0.007
-0.008
-0.008
-0.009
-0.009
-0.009
-0.010
-0.009
-0.009
-0.009
-0.010
-0.005
-0.008
-0.006
-0.004
-0.003
-0.003
-0.001
0.002
0.003
0.005
0.007
0.008
0.008
0.007
0.009
0.005
0.004
0.002
-0.001
-0.004
-0.006
-0.008
-0.009
-0.010
-0.011
-0.012
-0.012
-0.014
-0.009
-0.012
-0.009
-0.007
-0.003
-0.006
0.012
-0.009
0.031
-0.014
0.025
-0.015
0.047
-0.026
0.043
-0.015
0.022
-0.009
0.023
-0.011
0.020
-0.015
0.022
-0.019
0.018
-0.010
0.003
-0.007
0.003
-0.006
0.003
-0.005
