-0.006
-0.006
-0.005
-0.005
-0.003
-0.003
-0.002
-0.001
-0.001
-0.002
-0.004
-0.006
-0.008
-0.011
-0.014
-0.017
-0.020
-0.024
-0.020
-0.027
-0.028
-0.039
-0.012
-0.037
-0.035
-0.031
-0.030
-0.030
-0.031
-0.033
-0.031
-0.027
-0.025
-0.024
-0.022
-0.020
-0.015
-0.013
-0.010
-0.006
-0.003
0.001
0.003
0.007
0.010
0.013
0.016
0.018
0.020
0.022
0.022
0.022
0.022
0.023
0.018
0.020
0.017
0.015
0.013
0.011
0.006
0.005
0.002
-0.001
-0.003
-0.005
-0.006
-0.007
-0.007
-0.007
-0.006
-0.005
-0.004
-0.003
-0.001
0.001
0.003
0.003
0.009
0.007
0.010
0.014
0.010
0.014
0.014
0.013
0.014
0.013
0.013
0.012
0.011
0.007
0.012
0.006
0.006
0.006
0.004
0.002
0.000
-0.004
-0.001
-0.007
-0.009
-0.008
-0.012
-0.015
-0.006
-0.013
-0.011
-0.008
-0.007
-0.005
-0.003
-0.002
0.000
0.002
0.004
0.006
0.007
0.008
0.010
0.015
0.003
0.011
0.010
0.009
0.009
0.009
0.008
0.005
-0.011
-0.020
-0.002
0.038
-0.016
-0.004
-0.011
0.004
-0.031
0.006
0.000
-0.012
0.002
0.004
-0.006
-0.013
0.015
-0.002
0.003
0.009
0.008
0.008
0.010
0.011
0.012
0.012
0.012
0.011
0.013
0.010
0.010
0.010
0.006
0.006
0.004
0.002
0.001
-0.001
-0.003
-0.004
-0.006
-0.007
-0.008
-0.008
-0.008
-0.007
-0.006
-0.005
-0.004
-0.003
-0.001
0.001
0.002
0.002
0.009
0.006
0.008
0.010
0.010
0.009
0.009
0.009
0.008
0.006
0.003
0.000
-0.004
-0.010
-0.010
-0.018
-0.022
-0.025
-0.029
-0.033
-0.036
-0.038
-0.041
-0.043
-0.043
-0.043
-0.045
-0.045
-0.038
-0.042
-0.037
-0.034
-0.029
-0.032
-0.011
-0.034
0.011
-0.032
0.013
-0.025
0.042
-0.029
0.046
-0.011
0.032
0.001
0.037
0.002
0.036
0.000
0.040
-0.003
0.036
0.005
0.020
0.007
0.017
0.005
0.013
0.003
0.002
0.003
0.001
-0.000
-0.004
-0.006
-0.011
0.000
-0.032
0.001
-0.010
-0.028
-0.017
-0.008
-0.014
-0.036
-0.010
-0.011
-0.049
-0.012
-0.021
-0.036
-0.024
-0.035
-0.037
-0.038
-0.042
-0.045
-0.048
-0.050
-0.052
-0.054
-0.055
-0.057
-0.058
-0.057
-0.060
-0.058
-0.061
-0.061
-0.061
-0.061
-0.061
-0.060
-0.060
-0.060
-0.059
-0.059
-0.058
-0.057
-0.056
-0.053
-0.050
-0.046
-0.038
-0.031
-0.024
-0.013
-0.004
0.011
0.016
0.031
0.047
0.055
0.074
0.085
0.098
0.113
0.125
0.139
0.147
0.161
0.168
0.176
0.183
0.187
0.191
0.193
0.193
0.191
0.187
0.180
0.174
0.160
0.145
0.127
0.103
0.078
0.049
0.018
-0.015
-0.049
-0.084
-0.119
-0.152
-0.187
-0.220
-0.251
-0.282
-0.309
-0.333
-0.351
-0.368
-0.375
-0.388
-0.373
-0.397
-0.369
-0.362
-0.360
-0.321
-0.314
-0.290
-0.289
-0.197
-0.224
-0.173
-0.110
-0.091
-0.067
0.014
0.018
0.075
0.116
0.152
0.189
0.222
0.252
0.279
0.302
0.321
0.336
0.348
0.353
0.356
0.354
0.347
0.336
0.321
0.304
0.283
0.266
0.235
0.216
0.189
0.160
0.133
0.104
0.074
0.045
0.016
-0.013
-0.041
-0.068
-0.093
-0.115
-0.135
-0.152
-0.167
-0.178
-0.187
-0.192
-0.198
-0.195
-0.199
-0.175
-0.190
-0.169
-0.158
-0.159
-0.120
-0.129
-0.093
-0.085
-0.067
-0.046
-0.030
-0.012
0.004
0.020
0.034
0.046
0.057
0.066
0.072
0.077
0.080
0.080
0.079
0.076
0.071
0.066
0.056
0.051
0.034
0.027
0.014
0.000
-0.012
-0.024
-0.037
-0.049
-0.060
-0.070
-0.079
-0.085
-0.090
-0.093
-0.093
-0.092
-0.089
-0.086
-0.079
-0.074
-0.064
-0.056
-0.046
-0.034
-0.024
-0.011
0.002
0.014
0.027
0.040
0.052
0.063
0.074
0.086
0.090
0.101
0.105
0.108
0.111
0.112
0.111
0.109
0.105
0.100
0.095
0.088
0.080
0.071
0.060
0.050
0.041
0.036
0.017
0.017
0.008
-0.010
0.001
-0.019
-0.024
-0.027
-0.035
-0.041
-0.046
-0.050
-0.054
-0.058
-0.061
-0.063
-0.065
-0.066
-0.067
-0.067
-0.067
-0.065
-0.066
-0.062
-0.059
-0.038
-0.070
-0.023
-0.044
-0.028
-0.011
-0.015
-0.013
-0.029
0.050
-0.012
0.016
0.031
0.019
0.018
0.057
0.024
0.041
0.041
0.041
0.042
0.042
0.038
0.040
0.035
0.033
0.030
0.027
0.023
0.020
0.016
0.013
0.011
0.008
0.006
0.004
0.003
0.001
-0.000
-0.001
-0.002
-0.003
-0.003
-0.003
-0.002
-0.001
0.001
0.004
0.007
0.012
0.014
0.017
0.021
0.023
0.026
0.028
0.029
0.031
0.031
0.032
0.031
0.030
0.029
0.027
0.025
0.023
0.020
0.016
0.010
0.014
0.005
0.001
-0.012
0.013
-0.016
-0.016
0.004
-0.037
0.002
-0.026
-0.012
-0.015
-0.015
-0.011
-0.004
-0.014
-0.004
0.001
-0.009
0.005
-0.006
0.008
-0.001
0.006
-0.001
0.011
0.002
0.009
0.000
0.017
-0.020
0.034
-0.012
0.011
0.005
0.007
-0.004
0.017
-0.037
0.042
-0.026
0.039
-0.012
0.001
0.004
-0.001
-0.003
0.003
0.014
0.011
0.010
0.014
0.014
0.009
0.012
0.010
0.009
0.009
0.010
0.010
0.010
0.007
0.008
0.008
0.013
-0.001
0.010
0.008
0.005
0.006
0.007
0.007
0.007
0.008
0.009
0.011
0.012
0.013
0.014
0.017
0.019
0.021
0.024
0.027
0.030
0.032
0.034
0.035
0.036
0.035
0.034
0.032
0.030
0.026
0.022
0.017
0.011
0.004
-0.003
-0.011
-0.019
-0.028
-0.036
-0.044
-0.051
-0.058
-0.064
-0.067
-0.069
-0.071
-0.074
-0.077
-0.077
-0.078
-0.078
-0.079
-0.074
-0.070
-0.066
-0.061
-0.056
-0.051
-0.045
-0.039
-0.033
-0.026
-0.020
-0.013
-0.006
0.001
0.007
0.013
0.019
0.025
0.029
0.034
0.037
0.041
0.039
0.046
0.043
0.043
0.044
0.044
0.043
0.043
0.042
0.042
0.040
0.039
0.038
0.037
0.037
0.037
0.037
0.037
0.036
0.037
0.036
0.036
0.037
0.031
0.032
0.029
0.025
0.022
0.018
0.013
0.008
0.003
-0.002
-0.008
-0.014
-0.021
-0.027
-0.033
-0.039
-0.045
-0.051
-0.056
-0.061
-0.066
-0.070
-0.073
-0.075
-0.076
-0.076
-0.075
-0.074
-0.072
-0.069
-0.067
-0.063
-0.063
-0.060
-0.057
-0.055
-0.053
-0.053
-0.044
-0.046
-0.042
-0.037
-0.034
-0.031
-0.027
-0.024
-0.021
-0.017
-0.014
-0.011
-0.007
-0.004
-0.001
0.002
0.006
0.010
0.014
0.018
0.022
0.026
0.030
0.034
0.038
0.041
0.044
0.047
0.049
0.051
0.053
0.054
0.054
0.055
0.049
0.052
0.044
0.042
0.039
0.032
0.027
0.020
0.015
0.009
0.002
-0.005
-0.012
-0.019
-0.025
-0.029
-0.034
-0.038
-0.042
-0.045
-0.046
-0.050
-0.046
-0.063
-0.017
-0.074
-0.023
-0.078
0.002
-0.081
0.007
-0.065
-0.001
-0.065
0.017
-0.057
0.003
-0.037
-0.002
-0.029
0.005
-0.027
0.012
-0.037
0.029
-0.009
-0.012
-0.007
0.013
0.016
-0.035
0.024
-0.008
-0.012
0.016
-0.008
-0.004
0.003
-0.000
0.007
-0.006
0.014
-0.001
0.009
0.010
0.009
0.012
0.013
0.014
0.016
0.016
0.016
0.015
0.014
0.013
0.011
0.009
0.007
0.005
0.002
0.000
-0.002
-0.004
-0.006
-0.008
-0.009
-0.011
-0.011
-0.012
-0.007
-0.014
-0.007
-0.005
-0.006
-0.003
-0.003
0.004
0.002
0.005
0.009
0.009
0.012
0.013
0.014
0.014
0.014
0.014
0.013
0.011
0.009
0.008
0.006
0.005
0.004
0.002
-0.000
0.001
-0.002
-0.003
-0.004
-0.006
-0.008
-0.009
-0.010
-0.011
-0.012
-0.012
-0.013
-0.013
-0.012
-0.012
-0.011
-0.010
-0.009
-0.008
-0.007
-0.003
-0.006
0.004
-0.016
0.017
-0.006
0.000
0.009
0.002
0.009
0.012
0.007
-0.026
0.029
0.005
-0.014
0.038
0.000
-0.002
0.032
0.001
0.023
0.022
0.018
0.020
0.023
0.015
0.024
0.013
0.018
0.016
0.012
0.010
0.007
0.006
0.005
0.002
-0.002
-0.003
-0.004
-0.003
-0.003
-0.002
-0.001
0.001
0.003
0.004
0.002
0.008
0.004
0.005
0.006
0.004
0.004
0.003
0.005
0.001
0.003
0.002
0.001
0.001
-0.000
-0.001
-0.003
-0.003
-0.005
-0.007
-0.008
-0.010
-0.011
-0.012
-0.013
-0.014
-0.014
-0.015
-0.014
-0.014
-0.017
-0.009
-0.014
-0.010
-0.006
-0.007
-0.013
0.020
-0.026
0.041
-0.061
0.079
-0.042
0.029
-0.013
0.026
-0.021
0.030
-0.010
0.008
0.001
0.008
-0.009
0.007
0.005
-0.012
0.010
-0.012
-0.003
-0.004
-0.009
-0.009
-0.010
-0.010
-0.005
-0.015
-0.002
-0.008
0.002
-0.005
0.006
0.002
0.006
0.005
0.003
0.005
0.009
0.003
0.008
-0.002
0.003
0.000
-0.003
-0.003
-0.004
-0.005
-0.005
-0.006
-0.008
-0.009
-0.010
-0.012
-0.012
-0.013
-0.013
-0.014
-0.013
-0.012
-0.010
-0.009
-0.006
-0.002
-0.000
0.001
-0.002
0.008
0.000
0.002
0.005
0.004
0.005
0.005
0.005
0.005
0.005
0.004
0.004
0.003
0.001
0.003
-0.002
0.001
-0.002
-0.004
-0.005
-0.006
-0.005
-0.012
-0.007
-0.009
-0.010
-0.009
-0.009
-0.009
-0.008
-0.007
-0.006
-0.004
-0.002
-0.000
0.002
0.004
0.006
0.008
0.009
0.009
0.009
0.009
0.008
0.006
0.005
0.003
0.002
0.000
-0.001
-0.003
-0.004
-0.006
-0.008
-0.009
-0.009
-0.010
-0.012
-0.009
-0.010
-0.010
-0.008
-0.007
-0.004
-0.008
-0.005
0.000
0.001
0.003
0.003
0.004
0.006
0.007
0.008
0.008
0.007
0.010
0.008
0.007
0.007
0.007
0.006
0.005
0.004
0.002
0.001
-0.000
-0.001
-0.003
-0.004
-0.005
-0.006
-0.007
-0.007
-0.010
-0.007
-0.007
-0.006
-0.005
-0.003
-0.002
0.001
0.003
0.004
0.006
0.008
0.010
0.012
0.014
0.015
0.016
0.016
0.017
0.016
0.015
0.009
0.019
0.008
0.007
0.008
0.005
0.004
0.002
0.001
-0.001
-0.002
-0.003
-0.004
-0.004
-0.005
-0.005
-0.005
-0.005
-0.004
-0.003
-0.002
0.001
0.003
0.005
0.006
0.009
0.012
0.014
0.015
0.016
0.016
0.015
0.015
0.014
0.014
0.010
0.012
0.011
0.010
0.009
0.009
0.008
0.008
0.007
0.006
0.006
0.005
0.004
0.003
0.003
0.002
0.002
0.002
0.003
0.003
0.004
0.005
0.006
0.007
0.008
0.009
0.009
0.010
0.010
0.010
0.010
0.010
0.009
0.008
0.008
0.007
0.005
0.004
0.003
0.001
-0.000
-0.001
-0.003
-0.004
-0.005
-0.005
-0.007
-0.006
-0.006
-0.006
-0.004
-0.003
-0.001
0.001
0.003
0.006
0.008
0.009
0.011
0.012
0.013
0.014
0.015
0.017
0.013
0.017
0.016
0.015
0.015
0.014
0.013
0.011
0.010
0.008
0.006
0.004
0.001
-0.001
-0.004
-0.006
-0.008
-0.009
-0.009
-0.009
-0.009
-0.009
-0.008
-0.006
-0.005
-0.003
-0.001
0.001
0.003
0.002
0.012
0.008
0.011
0.014
0.015
0.016
0.017
0.018
0.018
0.018
0.017
0.017
0.016
0.014
0.013
0.011
0.009
0.007
0.006
0.005
0.004
0.004
0.004
0.004
0.005
0.005
0.006
0.006
0.006
0.006
0.006
0.006
0.006
0.006
0.006
0.005
0.005
0.004
0.003
0.001
-0.000
-0.001
-0.002
-0.002
-0.003
-0.003
-0.003
-0.001
-0.003
0.006
-0.014
0.015
-0.002
-0.020
0.008
0.020
0.043
-0.049
0.064
-0.048
0.054
-0.036
0.065
-0.030
0.049
-0.028
0.057
-0.026
0.032
-0.017
0.036
-0.013
0.012
-0.003
0.002
-0.002
-0.003
-0.005
-0.006
-0.007
-0.008
-0.009
-0.009
-0.009
-0.009
-0.008
-0.006
-0.003
-0.005
-0.000
0.001
0.002
0.004
0.006
0.007
0.009
0.010
0.011
0.012
0.012
0.011
0.011
0.010
0.012
0.004
0.008
0.005
0.001
-0.000
-0.003
-0.006
-0.009
-0.012
-0.014
-0.016
-0.015
-0.019
-0.015
-0.015
-0.016
-0.011
-0.011
-0.009
-0.007
-0.006
-0.004
-0.003
-0.002
-0.000
0.001
0.001
0.001
0.004
0.001
0.001
0.003
-0.002
-0.000
-0.002
-0.005
-0.003
-0.006
-0.007
-0.007
-0.013
-0.010
-0.018
0.010
-0.044
0.004
-0.019
-0.025
-0.004
-0.022
-0.021
-0.028
0.025
-0.050
0.000
-0.007
-0.015
-0.020
0.017
-0.024
0.001
-0.004
-0.006
-0.001
-0.002
-0.003
-0.003
-0.003
-0.004
-0.004
-0.006
-0.006
-0.008
-0.009
-0.010
-0.011
-0.012
-0.012
-0.013
-0.013
-0.013
-0.011
-0.017
-0.012
-0.012
-0.013
-0.013
-0.012
-0.012
-0.011
-0.010
-0.009
-0.009
-0.008
-0.007
-0.006
-0.005
-0.004
-0.002
-0.001
-0.000
0.001
0.002
0.003
0.003
0.003
0.004
0.005
0.004
0.001
-0.000
-0.005
0.001
-0.007
-0.008
-0.006
-0.009
-0.007
-0.008
-0.007
-0.007
-0.009
-0.001
-0.005
-0.006
-0.001
-0.007
0.015
-0.031
0.022
-0.020
0.002
0.010
0.018
-0.005
-0.003
0.013
0.001
0.001
0.017
-0.016
0.013
-0.008
0.004
-0.010
0.007
-0.021
0.006
-0.021
-0.005
-0.015
-0.005
-0.020
0.012
-0.023
-0.029
-0.000
0.015
-0.027
-0.019
0.027
-0.022
-0.002
0.009
0.003
0.000
-0.004
0.002
-0.002
0.000
0.001
-0.001
0.002
-0.002
0.007
0.003
0.005
0.008
0.008
0.009
0.010
0.011
0.012
0.012
0.012
0.011
0.012
0.013
0.012
0.010
0.008
0.007
0.005
0.004
0.002
0.001
-0.000
-0.001
-0.002
-0.003
-0.003
-0.003
-0.003
-0.003
-0.003
-0.003
-0.002
-0.001
-0.001
0.000
0.001
0.003
0.004
0.005
0.006
0.008
0.009
0.010
0.010
0.010
0.010
0.010
0.006
0.008
0.006
0.003
0.003
0.001
0.000
0.000
-0.001
0.000
-0.002
-0.001
-0.001
-0.002
-0.002
-0.002
-0.002
-0.005
0.001
-0.004
-0.003
-0.001
-0.000
0.003
-0.003
0.004
-0.001
0.020
-0.017
0.019
0.006
0.007
0.021
-0.002
-0.006
-0.009
0.046
-0.026
0.023
0.002
-0.006
-0.002
0.014
-0.011
0.003
0.001
-0.010
-0.001
-0.005
-0.010
-0.004
-0.010
-0.010
-0.008
-0.009
-0.007
-0.008
-0.003
-0.005
-0.003
0.002
-0.000
0.006
0.006
0.009
0.015
0.012
0.018
0.018
0.017
0.016
0.014
0.011
0.008
0.004
-0.000
-0.003
-0.006
-0.008
-0.014
-0.004
-0.016
-0.011
-0.013
-0.013
-0.010
-0.014
-0.010
-0.009
-0.011
-0.004
-0.006
-0.004
-0.002
-0.001
0.001
0.002
0.003
0.002
0.006
0.001
0.015
-0.008
0.015
-0.009
0.043
-0.050
0.064
-0.045
0.032
-0.010
0.017
-0.020
0.023
-0.023
0.011
-0.010
-0.004
-0.008
-0.011
-0.012
-0.017
-0.014
-0.019
-0.019
-0.018
-0.017
-0.016
-0.012
-0.010
-0.006
-0.010
0.008
-0.006
0.008
0.004
0.006
0.009
0.010
0.007
0.013
0.006
0.004
0.002
-0.003
-0.007
-0.012
-0.017
-0.021
-0.023
-0.025
-0.025
-0.025
-0.025
-0.024
-0.022
-0.020
-0.016
-0.019
-0.015
-0.013
-0.010
-0.008
-0.007
-0.006
-0.004
-0.004
-0.003
-0.004
-0.005
-0.006
-0.006
-0.011
-0.008
-0.009
-0.015
-0.005
-0.014
-0.013
-0.014
-0.010
-0.015
-0.015
-0.015
-0.015
-0.016
-0.017
-0.017
-0.017
-0.018
-0.019
-0.021
-0.017
-0.021
-0.021
-0.020
-0.020
-0.017
-0.017
-0.013
-0.010
-0.007
-0.006
-0.004
0.002
0.005
0.013
0.004
0.006
0.009
0.009
0.010
0.009
0.008
0.007
0.006
0.005
0.003
0.001
-0.001
-0.003
-0.005
-0.006
-0.007
-0.008
-0.008
-0.008
-0.008
-0.008
-0.008
-0.007
-0.006
-0.005
-0.003
-0.002
-0.001
0.001
0.002
0.003
0.002
0.005
0.004
0.004
0.004
0.004
0.003
0.002
0.001
-0.000
-0.002
-0.003
-0.004
-0.006
-0.009
-0.007
-0.011
-0.016
0.010
-0.041
0.009
-0.022
-0.015
-0.003
-0.011
-0.009
-0.031
0.030
-0.036
0.013
-0.002
-0.008
-0.004
0.013
-0.003
0.000
0.005
0.004
0.004
0.004
0.004
0.004
0.004
0.004
0.003
0.003
0.002
0.000
-0.007
0.005
-0.010
-0.010
-0.006
-0.012
-0.010
-0.011
-0.013
-0.009
-0.012
-0.010
-0.008
-0.007
-0.007
-0.002
-0.003
-0.001
0.002
0.003
0.005
0.010
0.007
0.013
0.012
0.013
0.014
0.015
0.015
0.015
0.013
0.017
0.012
0.011
0.011
0.009
0.007
0.005
0.004
0.002
0.000
-0.000
-0.002
-0.004
-0.004
-0.005
-0.003
-0.008
-0.004
-0.004
-0.008
0.001
-0.003
-0.000
0.003
0.006
0.009
0.012
0.016
0.020
0.023
0.028
0.031
0.035
0.038
0.041
0.042
0.049
0.046
0.047
0.048
0.045
0.038
0.045
0.030
0.037
0.010
0.043
-0.046
0.062
-0.064
0.011
-0.062
-0.019
-0.080
-0.039
-0.087
-0.072
-0.087
-0.089
-0.102
-0.086
-0.103
-0.102
-0.099
-0.100
-0.098
-0.095
-0.091
-0.086
-0.080
-0.073
-0.065
-0.056
-0.046
-0.037
-0.026
-0.014
0.002
0.002
0.022
0.032
0.044
0.048
0.064
0.072
0.080
0.086
0.097
0.099
0.106
0.110
0.113
0.115
0.116
0.117
0.118
0.119
0.118
0.117
0.116
0.114
0.111
0.106
0.100
0.092
0.082
0.077
0.063
0.053
0.039
0.032
0.016
0.004
-0.007
-0.020
-0.032
-0.044
-0.054
-0.064
-0.071
-0.077
-0.082
-0.085
-0.087
-0.087
-0.087
-0.085
-0.082
-0.079
-0.075
-0.070
-0.064
-0.057
-0.050
-0.043
-0.036
-0.028
-0.020
-0.013
-0.006
0.001
0.008
0.013
0.019
0.022
0.028
0.029
0.033
0.033
0.031
0.037
0.031
0.030
0.029
0.025
0.021
0.018
0.013
0.009
0.004
0.003
-0.003
-0.006
-0.009
-0.011
-0.014
-0.015
-0.016
-0.017
-0.016
-0.016
-0.015
-0.011
-0.010
-0.007
-0.005
0.001
0.002
0.007
0.011
0.015
0.019
0.022
0.025
0.027
0.030
0.031
0.032
0.033
0.033
0.033
0.032
0.031
0.029
0.027
0.024
0.021
0.017
0.014
0.012
0.009
0.006
0.004
0.002
-0.000
-0.002
-0.004
-0.005
-0.006
-0.007
-0.007
-0.007
-0.007
-0.007
-0.008
-0.009
-0.011
-0.013
-0.015
-0.015
-0.021
-0.021
-0.023
-0.025
-0.027
-0.028
-0.029
-0.029
-0.029
-0.030
-0.030
-0.031
-0.027
-0.028
-0.027
-0.025
-0.023
-0.019
-0.022
-0.014
-0.012
-0.012
-0.004
-0.004
0.001
0.004
0.007
0.010
0.012
0.014
0.015
0.017
0.017
0.017
0.017
0.014
0.012
0.010
0.005
0.001
-0.003
-0.008
-0.012
-0.016
-0.019
-0.022
-0.024
-0.025
-0.029
-0.031
-0.026
-0.033
-0.032
-0.031
-0.032
-0.031
-0.030
-0.027
-0.029
-0.025
-0.023
-0.026
-0.015
-0.020
-0.017
-0.014
-0.013
-0.012
-0.010
-0.009
-0.009
-0.007
-0.007
-0.007
-0.007
-0.006
-0.006
-0.007
-0.007
-0.007
-0.008
-0.008
-0.009
-0.009
-0.010
-0.010
-0.011
-0.009
-0.015
-0.010
-0.011
-0.012
-0.009
-0.010
-0.008
-0.007
-0.005
-0.004
-0.002
-0.001
-0.000
0.001
0.001
0.004
0.003
0.004
0.004
0.004
0.004
0.003
0.002
0.001
0.000
-0.001
-0.003
-0.004
-0.006
-0.008
-0.010
-0.012
-0.013
-0.015
-0.016
-0.016
-0.016
-0.015
-0.014
-0.013
-0.011
-0.009
-0.007
-0.006
-0.004
-0.002
-0.001
0.001
0.002
0.003
0.004
0.004
0.004
0.003
0.002
0.000
-0.002
-0.004
-0.005
-0.005
-0.005
-0.005
-0.005
-0.005
-0.001
-0.003
-0.002
0.000
0.001
0.002
0.001
0.004
0.003
0.001
0.006
0.007
0.006
0.005
0.004
0.005
0.004
0.004
0.003
0.003
0.004
0.003
0.006
0.002
0.002
0.009
-0.001
0.017
-0.009
0.012
-0.003
0.007
-0.008
0.011
-0.013
0.003
0.003
0.002
-0.001
0.000
0.013
0.004
0.008
0.010
0.013
0.011
0.012
0.013
0.014
0.013
0.012
0.006
0.012
0.002
-0.001
-0.001
-0.009
-0.012
-0.014
-0.035
-0.006
-0.029
-0.045
-0.023
-0.030
-0.031
-0.058
-0.009
-0.055
-0.028
-0.030
-0.018
-0.052
-0.012
-0.039
0.021
-0.060
0.015
-0.043
0.006
-0.043
0.017
-0.047
0.014
-0.029
0.021
-0.029
0.019
-0.008
0.013
0.005
0.023
0.009
0.018
0.016
0.017
0.017
0.020
0.016
0.018
0.017
0.015
0.013
0.009
0.013
0.006
0.006
0.006
0.005
0.005
0.005
0.005
0.006
0.007
0.007
0.007
0.007
0.006
0.005
0.004
0.003
0.002
-0.000
-0.003
-0.006
-0.010
-0.014
-0.016
-0.024
-0.025
-0.028
-0.037
-0.029
-0.034
-0.042
-0.031
-0.040
-0.035
-0.033
-0.033
-0.030
-0.027
-0.024
-0.020
-0.016
-0.012
-0.008
-0.005
-0.002
0.002
0.004
0.007
0.010
0.012
0.015
0.007
0.025
-0.004
0.034
0.007
0.017
0.031
0.011
0.002
-0.009
0.046
-0.023
0.008
0.016
-0.009
-0.013
0.014
-0.024
0.001
-0.002
-0.008
-0.004
0.001
-0.006
0.002
0.002
0.002
0.004
0.006
0.006
0.008
0.009
0.010
0.010
0.011
0.011
0.011
0.010
0.010
0.009
0.008
0.007
0.006
0.004
0.003
0.001
-0.000
-0.002
-0.003
-0.004
-0.006
-0.007
-0.008
-0.009
-0.009
-0.010
-0.010
-0.009
-0.008
-0.007
-0.006
-0.005
-0.003
-0.001
0.001
0.002
0.000
0.010
0.005
0.007
0.011
0.008
0.011
0.009
0.009
0.008
0.004
0.007
0.001
0.000
-0.000
-0.003
-0.003
-0.004
-0.006
-0.008
-0.009
-0.007
-0.004
-0.009
-0.017
0.018
-0.032
-0.005
0.008
-0.021
0.003
0.017
0.002
0.019
-0.017
0.049
-0.002
0.027
0.018
0.024
0.021
0.019
0.020
0.019
0.025
0.005
0.020
0.010
0.009
0.008
0.009
-0.001
0.006
-0.002
-0.000
-0.002
-0.003
-0.003
-0.003
-0.004
-0.004
-0.000
0.000
-0.001
-0.013
0.019
0.004
-0.008
0.011
0.014
0.008
-0.008
0.042
-0.012
0.025
0.028
0.017
0.021
0.018
0.026
0.018
0.013
0.019
0.017
0.016
0.015
0.012
0.013
0.009
0.007
0.006
0.004
0.003
0.002
0.001
0.000
-0.001
0.002
0.000
0.001
0.002
0.003
0.004
0.006
0.009
0.010
0.012
0.016
0.015
0.020
0.019
0.019
0.020
0.020
0.023
0.014
0.019
0.016
0.013
0.011
0.008
0.005
0.001
-0.002
-0.006
-0.010
-0.013
-0.016
-0.018
-0.024
-0.023
-0.026
-0.032
-0.024
-0.031
-0.030
-0.028
-0.027
-0.026
-0.024
-0.021
-0.019
-0.016
-0.014
-0.011
-0.009
-0.006
-0.004
-0.001
0.001
0.003
0.004
0.006
0.007
0.008
0.008
0.008
0.008
0.009
0.003
0.006
0.003
-0.001
-0.001
-0.005
-0.007
-0.009
-0.011
-0.013
-0.015
-0.016
-0.018
-0.018
-0.020
-0.019
-0.020
-0.018
-0.017
-0.016
-0.014
-0.012
-0.010
-0.008
-0.006
-0.004
-0.002
-0.000
0.002
0.004
0.005
0.006
0.008
0.009
0.009
0.009
0.010
0.009
0.009
0.009
0.008
0.008
0.007
0.006
0.005
0.004
0.003
0.002
0.000
-0.001
-0.002
-0.003
-0.004
-0.005
-0.005
-0.005
-0.005
-0.005
-0.004
-0.003
-0.001
0.000
0.001
0.001
0.005
0.003
0.005
0.006
0.007
0.008
0.007
0.009
0.007
0.004
0.008
0.007
0.006
0.003
0.002
0.002
0.001
0.001
0.000
-0.000
0.000
-0.001
0.001
-0.003
-0.004
0.002
-0.009
0.009
-0.017
0.005
-0.009
0.003
-0.010
0.011
-0.012
0.004
0.005
0.004
0.001
0.001
0.012
0.003
0.004
0.006
0.007
0.005
0.005
0.005
0.005
0.004
0.003
-0.002
0.006
-0.002
-0.002
0.000
-0.003
-0.003
-0.003
-0.021
0.010
-0.010
-0.024
0.001
-0.004
-0.003
-0.029
0.020
-0.025
0.002
0.000
0.012
-0.023
0.017
-0.010
0.051
-0.028
0.047
-0.011
0.038
-0.011
0.046
-0.022
0.035
-0.015
0.029
-0.028
0.015
-0.018
-0.001
-0.014
0.000
-0.016
-0.010
-0.013
-0.013
-0.013
-0.010
-0.013
-0.009
-0.008
-0.007
-0.005
-0.006
0.000
-0.003
-0.001
0.001
0.001
0.002
0.003
0.003
0.004
0.005
0.005
0.006
0.006
0.006
0.006
0.005
0.005
0.004
0.003
0.002
0.001
-0.001
-0.002
-0.003
-0.008
-0.008
-0.010
-0.019
-0.012
-0.018
-0.025
-0.014
-0.022
-0.016
-0.013
-0.012
-0.009
-0.007
0.001
-0.001
0.002
0.005
0.007
0.008
0.010
0.010
0.010
0.008
0.006
0.005
-0.002
-0.004
-0.009
-0.015
-0.015
-0.021
-0.022
-0.022
-0.023
-0.023
-0.022
-0.021
-0.020
-0.019
-0.017
-0.016
-0.014
-0.012
-0.009
-0.007
-0.006
-0.006
-0.002
-0.004
-0.004
-0.005
-0.002
-0.003
-0.006
-0.010
-0.009
-0.007
-0.007
-0.012
-0.008
-0.014
