0.001
0.001
0.000
-0.000
-0.002
-0.004
-0.006
-0.007
-0.008
-0.010
-0.011
-0.013
-0.014
-0.015
-0.017
-0.017
-0.018
-0.018
-0.018
-0.016
-0.018
-0.015
-0.013
-0.012
-0.010
-0.009
-0.007
-0.006
-0.004
-0.003
-0.001
0.000
0.002
0.005
0.006
0.008
0.012
0.017
0.017
0.017
0.020
0.023
0.023
0.022
0.021
0.021
0.020
0.019
0.017
0.016
0.014
0.012
0.011
0.009
0.007
0.005
0.003
0.001
-0.001
-0.003
-0.004
-0.006
-0.007
-0.008
-0.009
-0.009
-0.008
-0.007
-0.005
-0.003
-0.001
0.001
0.003
0.002
0.009
0.006
0.007
0.009
0.008
0.008
0.008
0.008
0.007
0.006
0.005
0.004
0.003
0.001
-0.000
-0.002
-0.003
-0.004
-0.006
-0.007
-0.007
-0.007
-0.011
-0.009
-0.010
-0.011
-0.010
-0.010
-0.010
-0.010
-0.009
-0.008
-0.007
-0.006
-0.004
-0.003
-0.001
0.000
0.002
0.003
0.003
0.004
0.005
0.006
0.006
0.005
0.005
0.004
0.003
0.002
0.000
-0.002
-0.004
-0.005
-0.007
-0.008
-0.009
-0.009
-0.009
-0.012
-0.006
-0.010
-0.009
-0.007
-0.006
-0.005
-0.004
-0.003
-0.001
0.000
0.001
0.002
0.003
0.003
0.004
0.004
0.004
0.003
0.003
0.002
0.001
0.000
-0.001
-0.003
-0.004
-0.005
-0.007
-0.008
-0.009
-0.010
-0.011
-0.012
-0.013
-0.012
-0.015
-0.011
-0.014
-0.012
-0.011
-0.011
-0.012
-0.013
-0.008
-0.002
-0.003
-0.007
-0.006
-0.004
-0.001
0.001
-0.001
-0.005
-0.006
-0.006
-0.004
-0.008
-0.003
-0.028
0.026
-0.061
0.007
-0.068
0.037
-0.088
0.029
-0.075
0.009
-0.082
0.028
-0.078
0.001
-0.054
-0.009
-0.046
-0.003
-0.046
0.007
-0.060
0.033
-0.018
-0.017
-0.008
0.021
0.029
-0.040
0.043
0.003
-0.000
0.038
0.009
0.013
0.019
0.015
0.022
0.003
0.024
0.001
0.010
0.007
0.001
0.001
-0.001
-0.002
-0.004
-0.005
-0.007
-0.008
-0.010
-0.012
-0.014
-0.015
-0.017
-0.018
-0.020
-0.020
-0.021
-0.021
-0.021
-0.021
-0.020
-0.023
-0.025
-0.021
-0.013
-0.023
-0.023
-0.025
-0.025
-0.025
-0.028
-0.024
-0.030
-0.030
-0.029
-0.030
-0.031
-0.031
-0.031
-0.031
-0.030
-0.029
-0.028
-0.026
-0.024
-0.022
-0.020
-0.018
-0.016
-0.014
-0.013
-0.010
-0.009
-0.007
-0.005
-0.002
0.001
0.004
0.008
0.012
0.016
0.021
0.026
0.031
0.037
0.043
0.049
0.056
0.062
0.069
0.075
0.083
0.083
0.097
0.075
0.120
0.091
0.099
0.113
0.097
0.095
0.097
0.094
0.043
0.110
0.067
0.026
0.087
0.023
0.006
0.034
-0.026
-0.016
-0.036
-0.060
-0.077
-0.092
-0.120
-0.130
-0.162
-0.175
-0.195
-0.214
-0.228
-0.238
-0.243
-0.246
-0.248
-0.248
-0.241
-0.230
-0.218
-0.204
-0.188
-0.169
-0.147
-0.123
-0.097
-0.072
-0.040
-0.016
0.011
0.039
0.065
0.091
0.116
0.141
0.162
0.186
0.207
0.226
0.244
0.260
0.273
0.283
0.289
0.290
0.287
0.280
0.269
0.256
0.239
0.220
0.199
0.177
0.155
0.132
0.107
0.078
0.060
0.028
0.006
-0.015
-0.038
-0.072
-0.049
-0.131
-0.057
-0.214
-0.030
-0.213
-0.124
-0.188
-0.141
-0.210
-0.144
-0.198
-0.170
-0.169
-0.152
-0.163
-0.130
-0.119
-0.123
-0.076
-0.086
-0.057
-0.042
-0.032
-0.017
-0.003
0.009
0.026
0.025
0.048
0.049
0.066
0.062
0.077
0.076
0.080
0.080
0.077
0.075
0.074
0.063
0.062
0.043
0.039
0.029
0.018
0.010
0.002
-0.007
-0.015
-0.022
-0.029
-0.035
-0.041
-0.045
-0.049
-0.052
-0.056
-0.058
-0.059
-0.055
-0.049
-0.041
-0.031
-0.022
-0.015
-0.007
-0.004
0.016
0.016
0.026
0.037
0.045
0.053
0.061
0.067
0.073
0.076
0.079
0.080
0.081
0.082
0.083
0.079
0.079
0.073
0.068
0.062
0.054
0.048
0.034
0.030
0.020
0.011
0.006
0.002
-0.010
-0.023
-0.027
-0.027
-0.032
-0.039
-0.043
-0.047
-0.049
-0.050
-0.051
-0.051
-0.051
-0.051
-0.051
-0.051
-0.050
-0.049
-0.047
-0.046
-0.043
-0.040
-0.036
-0.032
-0.028
-0.023
-0.018
-0.013
-0.008
-0.004
0.002
0.006
0.011
0.015
0.019
0.025
0.025
0.030
0.036
0.039
0.038
0.034
0.037
0.042
0.042
0.039
0.037
0.034
0.033
0.030
0.027
0.023
0.020
0.017
0.014
0.011
0.008
0.005
0.002
0.000
-0.002
-0.003
-0.005
-0.005
-0.006
-0.005
-0.006
-0.005
-0.004
-0.004
-0.003
-0.002
-0.001
0.000
0.002
0.003
0.004
0.006
0.008
0.010
0.012
0.014
0.016
0.017
0.019
0.018
0.017
0.010
0.021
0.008
0.007
0.006
0.002
-0.001
-0.004
-0.006
-0.009
-0.011
-0.014
-0.016
-0.017
-0.018
-0.019
-0.020
-0.019
-0.018
-0.017
-0.016
-0.014
-0.013
-0.012
-0.012
-0.008
-0.003
-0.002
-0.003
-0.001
0.001
0.002
0.003
0.003
0.004
0.001
0.003
0.002
0.002
0.002
0.002
0.001
0.001
0.001
0.000
-0.000
-0.000
-0.001
-0.001
-0.002
-0.002
-0.003
-0.003
-0.003
-0.002
-0.002
-0.001
0.000
0.001
0.002
0.003
0.004
0.004
0.004
0.003
0.003
0.004
0.002
-0.000
-0.001
-0.001
-0.001
-0.001
-0.001
-0.001
-0.001
-0.001
-0.001
-0.001
-0.001
-0.002
-0.002
-0.003
-0.003
-0.003
-0.003
-0.003
-0.002
-0.001
-0.001
0.001
0.003
0.005
0.004
0.002
0.003
0.006
0.006
0.005
0.004
0.000
0.004
-0.003
-0.006
-0.010
-0.014
-0.019
-0.024
-0.032
-0.030
-0.048
-0.018
-0.084
-0.020
-0.085
-0.069
-0.054
-0.031
-0.065
-0.061
-0.049
-0.049
-0.057
-0.031
-0.063
-0.020
-0.043
-0.020
-0.030
-0.008
-0.033
0.012
-0.020
0.010
0.005
0.011
-0.004
0.059
0.007
0.000
0.042
0.063
0.009
0.023
0.071
0.008
0.055
0.050
0.037
0.040
0.031
0.043
0.028
0.026
0.026
0.022
0.021
0.015
0.018
0.010
0.012
0.010
0.008
0.008
0.007
0.006
0.004
0.004
0.001
-0.003
-0.003
-0.005
-0.007
-0.011
-0.016
-0.017
-0.018
-0.021
-0.024
-0.027
-0.030
-0.033
-0.036
-0.040
-0.043
-0.047
-0.050
-0.054
-0.056
-0.058
-0.059
-0.059
-0.059
-0.058
-0.056
-0.054
-0.051
-0.047
-0.044
-0.040
-0.036
-0.032
-0.026
-0.024
-0.018
-0.014
-0.011
-0.008
-0.005
-0.003
0.001
-0.002
0.003
0.004
0.006
0.008
0.011
0.014
0.016
0.019
0.022
0.023
0.025
0.027
0.031
0.025
0.030
0.030
0.029
0.031
0.030
0.039
0.029
0.052
0.006
0.056
0.032
0.039
0.047
0.023
0.014
0.026
0.086
-0.032
0.038
0.018
-0.002
0.005
0.020
-0.024
0.002
-0.007
-0.025
-0.012
-0.026
-0.029
-0.030
-0.034
-0.037
-0.039
-0.040
-0.041
-0.046
-0.035
-0.042
-0.039
-0.033
-0.033
-0.028
-0.025
-0.025
-0.015
-0.017
-0.013
-0.008
-0.006
-0.003
-0.000
0.002
0.004
0.006
0.007
0.008
0.007
0.006
0.009
0.016
0.006
0.012
0.012
0.011
0.013
0.012
0.016
0.012
0.010
0.011
0.010
0.010
0.005
0.007
0.006
0.005
0.007
0.008
0.010
0.004
0.024
0.003
0.032
-0.009
0.061
-0.062
0.102
-0.053
0.049
-0.013
0.025
-0.020
0.037
-0.026
0.021
-0.008
-0.001
-0.002
-0.005
-0.004
-0.007
-0.006
-0.007
-0.007
-0.007
-0.007
-0.006
-0.004
-0.004
-0.000
-0.002
0.013
-0.007
0.013
0.012
0.009
0.011
0.012
0.010
0.012
0.011
0.009
0.008
0.007
0.006
0.005
0.004
0.002
0.001
-0.001
-0.002
-0.002
-0.004
-0.005
-0.005
-0.006
-0.009
-0.011
-0.008
-0.004
-0.005
-0.009
-0.009
-0.008
-0.007
-0.006
-0.005
-0.004
-0.003
-0.002
-0.001
-0.001
0.004
0.001
0.004
0.007
0.005
0.005
0.007
0.010
0.010
0.009
0.009
0.009
0.009
0.009
0.009
0.008
0.007
0.007
0.007
0.008
0.005
0.009
0.009
0.010
0.012
0.013
0.012
0.011
0.009
0.008
0.004
0.002
0.004
0.010
-0.009
-0.011
-0.010
-0.006
-0.005
-0.007
-0.008
-0.007
-0.007
-0.006
-0.005
-0.005
-0.004
-0.004
-0.003
-0.002
-0.002
-0.001
-0.001
-0.001
-0.001
-0.002
-0.002
-0.003
-0.003
-0.004
-0.005
-0.006
-0.007
-0.007
-0.008
-0.009
-0.010
-0.010
-0.011
-0.011
-0.012
-0.012
-0.012
-0.011
-0.011
-0.010
-0.009
-0.007
-0.006
-0.006
-0.001
-0.000
0.005
-0.013
0.026
-0.034
0.035
-0.010
0.001
0.019
-0.002
-0.008
-0.013
0.055
-0.053
0.028
0.015
-0.005
0.001
0.009
-0.005
0.003
-0.001
-0.005
-0.006
-0.008
-0.009
-0.010
-0.010
-0.009
-0.008
-0.006
-0.005
-0.003
-0.001
0.007
-0.007
0.001
0.009
0.001
0.003
0.005
0.002
0.004
0.003
0.002
0.001
0.000
-0.001
-0.002
-0.004
-0.005
-0.005
-0.007
-0.007
-0.005
-0.011
-0.007
-0.008
-0.008
-0.007
-0.006
-0.006
-0.006
-0.005
-0.003
-0.001
-0.000
0.001
0.002
0.003
0.004
0.005
0.006
0.006
0.007
0.007
0.006
0.006
0.002
0.007
0.001
0.001
0.002
0.000
-0.000
-0.001
-0.001
-0.001
-0.002
-0.002
-0.002
-0.003
-0.003
-0.004
-0.005
-0.005
-0.006
-0.005
-0.005
-0.003
-0.002
-0.002
-0.002
-0.004
0.001
-0.007
0.010
0.000
0.015
0.000
0.058
-0.068
0.087
-0.069
0.056
-0.034
0.037
-0.030
0.035
-0.026
0.007
0.004
0.004
-0.018
0.003
-0.004
-0.007
-0.006
-0.006
-0.006
-0.006
-0.005
-0.004
-0.002
0.000
0.002
0.003
0.005
0.006
0.007
0.005
0.011
0.007
0.008
0.009
0.008
0.007
0.007
0.006
0.005
0.001
0.010
0.003
0.004
0.004
0.003
0.001
0.000
-0.001
-0.002
-0.002
-0.003
-0.003
-0.004
-0.004
-0.003
-0.003
-0.003
-0.003
-0.001
0.001
0.002
0.003
0.005
0.009
0.008
0.013
0.014
0.014
0.014
0.013
0.013
0.011
0.010
0.008
0.007
0.006
0.005
0.004
0.003
0.003
0.002
0.002
0.001
0.000
-0.001
-0.002
-0.003
-0.004
-0.005
-0.005
-0.005
-0.005
-0.004
-0.003
-0.001
0.001
0.003
0.002
0.012
0.007
0.005
0.005
0.009
0.016
0.013
0.008
0.007
0.009
0.009
0.008
0.007
0.006
0.004
0.003
0.002
0.001
0.000
-0.000
-0.000
-0.000
-0.000
-0.000
-0.000
-0.000
-0.000
-0.001
-0.001
-0.001
-0.002
-0.002
-0.002
-0.001
-0.000
0.000
0.002
0.003
0.003
0.003
0.004
0.006
0.005
0.003
0.002
0.001
0.000
-0.001
-0.002
-0.003
-0.004
-0.004
-0.005
-0.005
-0.005
-0.005
-0.005
-0.005
-0.005
-0.005
-0.005
-0.005
-0.005
-0.005
-0.004
-0.002
-0.001
0.001
0.003
0.005
0.007
0.010
0.011
0.011
0.011
0.011
0.009
0.008
0.006
0.004
0.003
0.001
0.001
0.000
-0.002
-0.004
-0.005
-0.004
-0.005
-0.006
-0.007
-0.009
-0.008
-0.012
-0.008
-0.009
-0.013
-0.008
-0.008
-0.006
-0.007
-0.002
-0.000
0.001
0.003
0.004
0.006
0.010
0.003
0.010
0.010
0.008
0.009
0.009
0.008
0.008
0.007
0.006
0.005
0.004
0.002
0.001
-0.000
-0.002
-0.003
-0.005
-0.006
-0.007
-0.008
-0.008
-0.007
-0.006
-0.005
-0.004
-0.002
-0.001
0.000
0.000
-0.000
-0.001
-0.002
-0.003
-0.005
-0.006
-0.007
-0.008
-0.008
-0.008
-0.008
-0.008
-0.008
-0.007
-0.007
-0.006
-0.006
-0.006
-0.005
-0.004
-0.004
-0.003
-0.002
-0.001
-0.001
0.000
0.001
0.002
0.002
0.003
0.003
0.003
0.002
0.001
0.000
-0.001
-0.002
-0.004
-0.005
-0.006
-0.008
-0.009
-0.010
-0.011
-0.012
-0.013
-0.014
-0.014
-0.014
-0.014
-0.013
-0.012
-0.011
-0.010
-0.009
-0.008
-0.007
-0.005
-0.004
-0.003
-0.002
-0.001
-0.000
0.000
0.001
0.001
0.001
0.000
0.004
0.003
-0.001
-0.025
0.025
-0.009
-0.034
-0.002
-0.003
0.041
-0.102
0.055
-0.094
0.050
-0.079
0.051
-0.084
0.036
-0.068
0.039
-0.074
0.020
-0.042
0.030
-0.029
0.008
-0.012
-0.003
0.001
-0.001
-0.000
-0.002
-0.003
-0.004
-0.005
-0.006
-0.007
-0.007
-0.008
-0.009
-0.009
-0.011
-0.009
-0.012
-0.013
-0.013
-0.013
-0.014
-0.014
-0.014
-0.014
-0.014
-0.014
-0.013
-0.012
-0.012
-0.011
-0.014
-0.005
-0.010
-0.008
-0.006
-0.005
-0.004
-0.002
-0.001
-0.001
-0.002
0.001
-0.002
-0.002
-0.002
-0.003
-0.004
-0.005
-0.006
-0.007
-0.007
-0.008
-0.008
-0.009
-0.009
-0.009
-0.009
-0.009
-0.009
-0.008
-0.010
-0.005
-0.008
-0.007
-0.005
-0.005
-0.003
-0.005
-0.003
0.000
-0.001
0.004
-0.014
0.025
-0.036
0.035
-0.008
-0.001
0.019
-0.002
-0.011
-0.002
0.056
-0.060
0.029
0.015
-0.006
-0.010
0.026
-0.031
0.008
0.002
-0.009
-0.006
-0.006
-0.007
-0.007
-0.007
-0.006
-0.005
-0.004
-0.003
-0.001
-0.000
0.001
0.002
0.002
0.004
0.004
0.005
0.000
0.011
0.002
0.003
0.004
0.002
0.001
-0.000
-0.002
-0.003
-0.004
-0.005
-0.005
-0.006
-0.007
-0.007
-0.007
-0.007
-0.007
-0.007
-0.006
-0.006
-0.005
-0.003
-0.002
-0.001
0.000
0.001
0.003
0.002
0.001
0.007
0.002
0.003
0.005
0.004
0.004
0.004
0.004
0.002
0.004
0.003
-0.001
0.009
0.002
0.004
0.007
0.008
0.008
0.009
0.009
0.008
0.007
0.006
0.005
0.004
0.002
0.001
-0.000
-0.001
-0.002
-0.003
-0.004
-0.005
-0.005
-0.006
-0.006
-0.006
-0.004
-0.009
-0.004
-0.004
-0.005
-0.004
-0.003
-0.002
-0.001
0.000
0.001
0.002
0.003
0.004
0.004
0.004
0.003
0.003
0.002
0.001
0.000
-0.001
-0.001
-0.002
-0.003
-0.003
-0.003
-0.004
-0.004
-0.004
-0.005
-0.005
-0.006
-0.006
-0.006
-0.006
-0.006
-0.006
-0.006
-0.006
-0.005
-0.004
-0.004
-0.003
-0.002
-0.002
-0.001
-0.001
-0.000
-0.000
0.000
0.000
0.000
0.000
-0.000
-0.000
-0.001
-0.002
-0.002
-0.003
-0.004
-0.005
-0.005
-0.006
-0.007
-0.006
-0.008
-0.008
-0.008
-0.008
-0.009
-0.009
-0.008
-0.009
-0.010
-0.007
-0.005
-0.007
-0.010
-0.007
-0.002
-0.001
-0.001
0.000
0.001
0.003
0.005
0.006
0.004
0.003
0.009
-0.003
0.020
-0.015
0.012
-0.008
0.001
-0.019
0.004
-0.030
-0.012
-0.014
-0.019
-0.022
-0.023
-0.009
-0.019
-0.014
-0.010
-0.008
-0.007
-0.006
-0.004
-0.003
-0.002
-0.001
-0.005
0.005
-0.003
-0.001
0.002
0.000
0.000
-0.001
-0.023
0.022
-0.004
-0.020
0.012
-0.002
-0.005
-0.039
0.031
-0.032
0.000
-0.001
0.011
-0.041
0.005
-0.038
0.040
-0.072
0.035
-0.047
0.017
-0.052
0.028
-0.064
0.017
-0.045
0.021
-0.050
0.014
-0.022
0.006
-0.001
0.022
0.002
0.006
0.004
0.003
0.002
-0.000
-0.006
-0.006
-0.009
-0.012
-0.014
-0.019
-0.016
-0.022
-0.022
-0.022
-0.023
-0.022
-0.021
-0.019
-0.017
-0.014
-0.011
-0.007
-0.005
-0.003
-0.001
-0.001
0.000
0.000
-0.000
-0.001
-0.001
-0.002
-0.002
-0.002
-0.006
-0.005
-0.007
-0.013
-0.004
-0.009
-0.016
-0.004
-0.013
-0.008
-0.007
-0.007
-0.006
-0.006
-0.006
-0.006
-0.006
-0.007
-0.008
-0.008
-0.008
-0.008
-0.007
-0.006
-0.005
-0.005
-0.001
-0.010
0.012
-0.025
0.029
-0.003
0.009
0.027
0.004
-0.000
-0.009
0.069
-0.028
0.013
0.025
-0.002
-0.002
0.034
-0.018
0.012
0.006
-0.003
-0.001
0.001
-0.010
-0.005
-0.006
-0.008
-0.008
-0.007
-0.006
-0.005
-0.003
-0.002
-0.000
0.001
0.002
0.002
0.003
0.004
0.004
0.004
0.004
0.004
0.003
0.003
0.002
0.002
0.002
0.001
0.001
-0.000
-0.002
-0.003
-0.004
-0.006
-0.007
-0.008
-0.009
-0.009
-0.009
-0.008
-0.007
-0.006
-0.005
-0.004
-0.002
-0.004
0.005
-0.001
0.000
0.004
0.002
0.004
0.005
0.005
0.005
0.004
0.008
0.005
0.006
0.006
0.006
0.005
0.004
0.003
0.002
0.001
0.000
-0.001
-0.002
-0.003
-0.003
-0.004
-0.005
-0.005
-0.005
-0.005
-0.005
-0.004
-0.004
-0.003
-0.001
0.001
0.002
0.002
0.010
0.007
0.008
-0.006
0.033
0.004
0.007
0.014
0.013
0.015
0.012
0.008
0.010
0.013
0.010
0.006
0.004
0.004
0.003
0.002
0.001
-0.000
-0.002
-0.002
-0.003
-0.004
-0.004
-0.004
-0.004
-0.004
-0.004
-0.003
-0.003
-0.002
-0.000
0.002
0.001
0.004
0.005
0.007
0.009
0.010
0.012
0.014
0.015
0.016
0.018
0.018
0.019
0.019
0.018
0.017
0.016
0.014
0.011
0.008
0.005
0.000
-0.005
-0.012
-0.014
-0.024
-0.030
-0.034
-0.044
-0.046
-0.051
-0.055
-0.058
-0.062
-0.064
-0.066
-0.067
-0.068
-0.060
-0.061
-0.056
-0.049
-0.042
-0.035
-0.029
-0.025
-0.013
-0.011
-0.003
0.004
0.008
0.011
0.027
0.027
0.036
0.045
0.052
0.060
0.067
0.074
0.079
0.083
0.086
0.087
0.087
0.087
0.086
0.089
0.073
0.081
0.075
0.068
0.066
0.064
0.060
0.053
0.035
0.025
0.040
0.081
0.003
0.018
0.003
0.017
-0.035
0.009
-0.006
-0.032
-0.028
-0.036
-0.056
-0.076
-0.051
-0.086
-0.085
-0.081
-0.085
-0.085
-0.082
-0.079
-0.077
-0.077
-0.073
-0.067
-0.062
-0.057
-0.049
-0.041
-0.037
-0.034
-0.026
-0.016
-0.009
-0.004
0.001
0.006
0.011
0.016
0.020
0.023
0.026
0.028
0.030
0.031
0.031
0.030
0.029
0.027
0.025
0.019
0.022
0.013
0.011
0.008
0.004
0.001
-0.002
-0.005
-0.008
-0.010
-0.012
-0.014
-0.015
-0.018
-0.014
-0.017
-0.016
-0.014
-0.013
-0.011
-0.009
-0.007
-0.004
-0.002
-0.000
0.001
0.006
0.009
0.016
0.009
0.013
0.015
0.018
0.008
0.030
-0.006
0.049
-0.017
0.035
-0.025
0.058
-0.050
0.048
-0.035
0.018
-0.028
0.016
-0.034
0.009
-0.042
0.011
-0.048
0.007
-0.031
-0.014
-0.031
-0.017
-0.028
-0.014
-0.022
-0.022
-0.019
-0.017
-0.015
-0.021
-0.025
-0.028
-0.008
-0.051
-0.005
-0.020
-0.040
-0.023
-0.008
-0.021
-0.050
-0.010
-0.004
-0.053
-0.004
-0.013
-0.029
-0.010
-0.017
-0.014
-0.010
-0.008
-0.006
-0.004
-0.002
0.000
0.002
0.004
0.005
0.006
0.007
0.008
0.008
0.008
0.008
0.007
0.006
0.004
0.003
0.001
-0.001
-0.004
-0.007
-0.010
-0.013
-0.016
-0.020
-0.023
-0.025
-0.027
-0.028
-0.029
-0.029
-0.028
-0.023
-0.028
-0.021
-0.018
-0.020
-0.015
-0.015
-0.013
-0.011
-0.010
-0.007
-0.008
-0.005
-0.004
-0.003
-0.002
-0.001
-0.001
-0.001
-0.000
0.000
0.001
0.001
0.002
0.001
0.001
0.001
0.000
-0.000
-0.001
-0.001
-0.002
-0.002
-0.003
-0.003
-0.003
-0.004
-0.004
-0.004
-0.003
-0.002
-0.002
-0.001
-0.002
0.002
-0.006
0.014
-0.018
0.016
0.010
-0.009
0.019
0.004
0.004
-0.032
0.059
-0.021
-0.000
0.028
-0.002
-0.026
0.029
-0.019
-0.001
-0.002
-0.005
-0.004
-0.004
-0.005
-0.006
-0.007
-0.008
-0.009
-0.010
-0.010
-0.010
-0.009
-0.007
-0.005
-0.003
0.000
0.003
0.009
0.004
0.011
0.010
0.008
0.008
0.007
0.006
0.004
0.003
0.001
0.001
-0.000
-0.001
-0.002
-0.002
-0.003
-0.003
-0.003
-0.003
-0.001
-0.002
0.004
-0.001
0.022
-0.008
0.007
0.008
-0.005
0.025
-0.010
0.013
0.000
-0.001
0.003
0.002
0.001
0.001
0.001
0.002
0.002
0.002
0.001
0.001
0.000
-0.000
-0.001
-0.001
-0.001
-0.002
-0.002
-0.002
0.000
-0.005
-0.001
-0.001
-0.002
-0.001
-0.001
-0.001
-0.001
-0.000
0.000
0.000
0.000
0.000
0.000
-0.000
-0.001
-0.001
-0.002
-0.003
-0.004
-0.006
-0.008
-0.011
-0.014
-0.017
-0.021
-0.025
-0.028
-0.029
-0.030
-0.030
-0.029
-0.027
-0.023
-0.023
-0.017
-0.014
-0.012
-0.010
-0.008
-0.006
-0.004
-0.002
-0.000
0.001
0.003
0.004
0.006
0.005
0.006
0.007
0.013
0.002
0.013
0.012
0.002
0.025
0.009
0.013
0.018
0.017
0.016
0.016
0.015
0.014
0.013
0.012
0.010
0.008
0.006
0.004
0.003
0.002
0.001
-0.003
-0.001
-0.006
0.012
-0.039
0.017
-0.017
-0.003
0.012
-0.001
-0.007
-0.043
0.057
-0.036
-0.009
0.006
-0.018
-0.030
0.016
-0.032
-0.018
-0.020
-0.021
-0.018
-0.020
-0.025
-0.022
-0.023
-0.021
-0.019
-0.016
-0.014
-0.011
-0.008
-0.005
-0.002
0.001
0.004
0.007
0.010
0.014
0.017
0.018
0.019
0.018
0.018
0.018
0.018
0.018
0.019
0.018
0.017
0.015
0.013
0.011
0.009
0.007
0.005
0.003
0.001
-0.000
-0.002
-0.003
-0.004
-0.004
-0.005
-0.005
-0.004
-0.003
-0.002
-0.000
-0.002
0.009
0.004
0.007
-0.006
0.032
-0.003
0.001
0.030
-0.023
0.030
-0.007
0.009
0.005
0.001
0.003
0.009
-0.007
0.003
0.005
-0.008
0.005
-0.011
0.003
-0.008
-0.002
-0.011
0.002
-0.009
-0.005
-0.014
0.008
-0.039
0.037
-0.025
0.005
-0.004
-0.004
-0.018
0.018
-0.046
0.063
-0.037
0.058
-0.004
0.008
0.009
-0.004
-0.007
-0.001
0.012
0.011
0.008
0.008
0.006
-0.002
-0.001
-0.003
-0.004
-0.005
-0.007
-0.007
-0.007
-0.008
-0.008
-0.008
-0.000
-0.016
-0.001
-0.001
-0.001
0.003
0.006
0.009
0.012
0.014
0.015
0.016
0.017
0.017
0.017
0.016
0.015
0.014
0.012
0.011
0.009
0.007
0.005
0.003
0.001
-0.001
-0.002
-0.003
-0.004
-0.005
-0.006
-0.006
-0.006
-0.006
-0.005
-0.004
-0.004
-0.003
-0.003
-0.002
-0.001
-0.001
-0.001
0.003
0.008
0.008
0.007
0.008
0.009
0.004
0.004
-0.001
0.020
0.014
0.010
0.012
0.042
-0.038
0.014
0.023
-0.020
-0.006
0.016
0.001
0.015
-0.051
0.029
-0.037
0.006
-0.009
-0.009
-0.006
-0.006
-0.004
-0.010
0.004
-0.015
0.005
-0.007
-0.005
-0.002
-0.003
-0.007
0.005
-0.004
0.002
0.003
0.003
0.005
0.005
0.004
0.001
-0.001
-0.002
0.008
-0.025
0.000
-0.011
-0.029
-0.008
-0.010
-0.027
-0.057
0.026
-0.054
-0.028
-0.020
-0.029
-0.024
-0.024
-0.025
-0.027
-0.029
-0.022
-0.016
-0.013
-0.011
-0.009
-0.006
-0.007
-0.005
-0.004
-0.003
-0.001
0.002
0.003
0.004
0.005
0.006
0.006
0.006
0.006
0.005
0.004
0.003
0.001
-0.000
-0.001
0.001
-0.011
-0.004
-0.007
-0.011
-0.012
-0.014
-0.014
-0.015
-0.015
-0.015
-0.014
-0.013
-0.011
-0.010
-0.008
-0.007
-0.005
-0.004
-0.002
-0.002
0.001
0.001
0.003
0.004
0.005
0.006
0.007
0.008
0.008
0.009
0.009
0.008
0.008
0.007
0.006
0.005
0.004
0.003
0.002
0.001
-0.000
-0.001
-0.002
-0.003
-0.004
-0.004
-0.005
-0.005
-0.005
-0.006
-0.006
-0.007
-0.004
-0.005
-0.005
-0.003
-0.003
-0.002
-0.001
0.000
0.001
0.002
0.003
0.003
0.003
0.001
0.006
0.001
0.001
0.001
0.000
-0.000
-0.001
-0.001
-0.002
-0.003
-0.003
-0.003
-0.004
-0.004
-0.005
-0.005
-0.006
-0.006
-0.006
-0.006
-0.006
-0.006
-0.006
-0.006
-0.005
-0.005
-0.004
-0.003
-0.003
-0.002
-0.002
-0.001
-0.000
0.000
0.000
0.001
0.001
0.001
0.000
-0.000
-0.001
-0.002
-0.002
-0.003
-0.004
-0.005
-0.006
-0.006
-0.007
-0.007
-0.008
-0.008
-0.008
-0.008
-0.009
-0.011
-0.006
-0.007
-0.013
-0.006
-0.007
-0.007
-0.007
-0.004
-0.003
-0.002
-0.002
-0.001
0.001
0.004
0.004
0.007
-0.000
0.008
0.009
-0.004
0.019
-0.013
0.017
-0.006
-0.003
-0.022
0.006
-0.028
-0.022
-0.012
-0.017
-0.021
-0.020
-0.015
-0.017
-0.010
-0.009
-0.008
-0.007
-0.005
-0.005
-0.004
-0.003
-0.000
-0.005
0.002
-0.002
-0.000
0.000
-0.002
-0.002
0.012
-0.021
0.010
-0.001
-0.020
0.009
0.000
-0.003
-0.042
0.039
-0.030
-0.005
-0.004
0.013
-0.039
-0.000
-0.042
0.048
-0.064
0.034
-0.050
0.012
-0.058
0.030
-0.059
0.012
-0.052
0.024
-0.046
0.016
-0.017
0.008
-0.005
0.022
0.004
0.005
0.005
0.006
-0.000
-0.002
-0.005
-0.005
-0.010
-0.012
-0.014
-0.018
-0.019
-0.021
-0.023
-0.023
-0.023
-0.023
-0.021
-0.019
-0.015
-0.015
-0.009
-0.007
-0.005
-0.003
-0.002
-0.001
-0.000
0.000
0.000
-0.000
-0.000
-0.001
-0.002
-0.004
-0.005
-0.007
-0.003
-0.017
-0.006
-0.008
-0.018
0.001
-0.013
-0.009
-0.005
