-0.006
-0.005
-0.002
0.001
0.001
-0.000
-0.001
-0.001
-0.002
-0.003
-0.004
-0.005
-0.007
-0.008
-0.010
-0.012
-0.014
-0.016
-0.017
-0.018
-0.020
-0.020
-0.021
-0.022
-0.023
-0.023
-0.022
-0.022
-0.022
-0.022
-0.022
-0.021
-0.020
-0.018
-0.017
-0.015
-0.012
-0.008
-0.006
-0.005
-0.001
0.003
0.005
0.006
0.008
0.010
0.011
0.013
0.014
0.015
0.015
0.015
0.016
0.015
0.015
0.014
0.013
0.011
0.010
0.008
0.006
0.003
0.001
-0.001
-0.003
-0.004
-0.005
-0.005
-0.005
-0.005
-0.005
-0.004
-0.003
-0.004
0.001
-0.001
0.001
0.004
0.005
0.006
0.008
0.009
0.010
0.010
0.010
0.010
0.010
0.010
0.009
0.009
0.008
0.007
0.006
0.005
0.004
0.004
0.000
0.001
-0.001
-0.003
-0.004
-0.005
-0.006
-0.007
-0.007
-0.008
-0.008
-0.008
-0.007
-0.006
-0.005
-0.004
-0.003
-0.002
-0.001
0.000
0.002
0.004
0.006
0.006
0.007
0.008
0.008
0.008
0.007
0.007
0.006
0.005
0.003
0.002
0.001
-0.000
-0.001
-0.004
-0.002
-0.006
-0.006
-0.005
-0.006
-0.006
-0.005
-0.004
-0.003
-0.002
-0.001
0.000
0.002
0.003
0.004
0.005
0.006
0.007
0.008
0.008
0.009
0.009
0.009
0.008
0.008
0.007
0.006
0.005
0.004
0.003
0.002
0.001
0.000
0.000
-0.003
-0.001
-0.005
-0.005
-0.006
-0.006
-0.007
-0.008
-0.005
-0.001
-0.001
-0.004
-0.003
-0.000
0.003
0.005
0.005
0.004
0.004
0.006
0.008
0.008
0.013
-0.004
0.035
-0.027
0.021
-0.033
0.039
-0.050
0.031
-0.043
0.013
-0.053
0.021
-0.056
-0.003
-0.045
-0.017
-0.045
-0.018
-0.050
-0.015
-0.063
0.001
-0.036
-0.035
-0.029
-0.008
-0.002
-0.050
0.009
-0.017
-0.017
0.013
-0.004
0.002
0.008
0.008
0.015
0.004
0.020
0.006
0.014
0.014
0.012
0.013
0.013
0.012
0.012
0.011
0.010
0.009
0.008
0.006
0.005
0.003
0.001
-0.001
-0.002
-0.004
-0.005
-0.006
-0.007
-0.007
-0.008
-0.011
-0.013
-0.011
-0.006
-0.014
-0.014
-0.015
-0.016
-0.016
-0.018
-0.017
-0.022
-0.023
-0.024
-0.026
-0.028
-0.030
-0.032
-0.034
-0.036
-0.038
-0.039
-0.041
-0.041
-0.041
-0.041
-0.041
-0.042
-0.042
-0.043
-0.043
-0.044
-0.044
-0.044
-0.044
-0.044
-0.043
-0.042
-0.042
-0.041
-0.039
-0.037
-0.034
-0.031
-0.026
-0.021
-0.016
-0.009
-0.002
0.005
0.015
0.020
0.036
0.027
0.067
0.055
0.070
0.089
0.088
0.097
0.108
0.116
0.091
0.148
0.129
0.111
0.164
0.129
0.127
0.155
0.121
0.136
0.128
0.115
0.105
0.094
0.072
0.061
0.032
0.014
-0.011
-0.038
-0.062
-0.087
-0.111
-0.134
-0.159
-0.183
-0.204
-0.221
-0.237
-0.251
-0.261
-0.269
-0.272
-0.273
-0.271
-0.267
-0.256
-0.250
-0.237
-0.223
-0.207
-0.189
-0.168
-0.145
-0.122
-0.094
-0.066
-0.037
-0.007
0.024
0.054
0.084
0.112
0.138
0.161
0.182
0.201
0.218
0.231
0.242
0.249
0.253
0.254
0.252
0.247
0.236
0.231
0.213
0.201
0.187
0.170
0.143
0.155
0.089
0.133
0.012
0.129
-0.012
0.036
-0.024
-0.007
-0.072
-0.043
-0.098
-0.095
-0.111
-0.115
-0.138
-0.129
-0.135
-0.150
-0.128
-0.144
-0.131
-0.126
-0.123
-0.115
-0.105
-0.095
-0.081
-0.078
-0.057
-0.049
-0.030
-0.026
-0.006
0.002
0.014
0.024
0.033
0.042
0.051
0.053
0.060
0.054
0.057
0.055
0.052
0.049
0.046
0.041
0.035
0.028
0.020
0.012
0.003
-0.006
-0.015
-0.025
-0.035
-0.045
-0.054
-0.060
-0.063
-0.064
-0.064
-0.064
-0.064
-0.063
-0.065
-0.054
-0.056
-0.049
-0.041
-0.034
-0.025
-0.015
-0.005
0.005
0.013
0.020
0.028
0.036
0.044
0.054
0.061
0.069
0.072
0.076
0.078
0.079
0.081
0.076
0.077
0.074
0.069
0.068
0.065
0.057
0.046
0.041
0.038
0.032
0.024
0.018
0.011
0.005
0.000
-0.005
-0.010
-0.015
-0.019
-0.024
-0.028
-0.032
-0.036
-0.039
-0.042
-0.044
-0.046
-0.047
-0.048
-0.048
-0.048
-0.047
-0.046
-0.045
-0.043
-0.039
-0.036
-0.033
-0.029
-0.025
-0.020
-0.018
-0.011
-0.005
0.001
0.003
0.004
0.009
0.016
0.020
0.022
0.025
0.027
0.029
0.030
0.030
0.030
0.029
0.028
0.027
0.026
0.024
0.022
0.019
0.017
0.015
0.012
0.010
0.008
0.006
0.005
0.003
0.002
0.001
-0.000
-0.001
-0.002
-0.002
-0.003
-0.003
-0.002
-0.001
0.000
0.002
0.004
0.007
0.010
0.013
0.015
0.019
0.020
0.022
0.019
0.028
0.021
0.022
0.024
0.022
0.021
0.019
0.018
0.016
0.013
0.010
0.008
0.005
0.003
0.000
-0.002
-0.004
-0.006
-0.008
-0.009
-0.010
-0.010
-0.011
-0.012
-0.010
-0.007
-0.006
-0.007
-0.006
-0.004
-0.003
-0.002
-0.001
0.001
-0.000
0.002
0.002
0.003
0.003
0.004
0.004
0.004
0.005
0.005
0.004
0.004
0.004
0.003
0.002
0.002
0.001
0.000
-0.000
-0.000
0.000
0.001
0.002
0.003
0.004
0.005
0.006
0.006
0.006
0.006
0.007
0.008
0.007
0.006
0.006
0.006
0.007
0.007
0.007
0.007
0.007
0.007
0.007
0.007
0.006
0.005
0.005
0.004
0.004
0.004
0.003
0.003
0.004
0.005
0.005
0.006
0.009
0.011
0.011
0.011
0.014
0.017
0.020
0.022
0.024
0.023
0.029
0.026
0.026
0.025
0.024
0.022
0.020
0.016
0.016
0.002
0.020
-0.029
0.011
-0.038
-0.030
-0.025
-0.013
-0.042
-0.044
-0.041
-0.045
-0.056
-0.042
-0.068
-0.042
-0.061
-0.049
-0.059
-0.045
-0.065
-0.034
-0.058
-0.037
-0.041
-0.036
-0.045
-0.000
-0.035
-0.038
-0.006
0.012
-0.023
-0.010
0.027
-0.013
0.024
0.025
0.020
0.026
0.023
0.034
0.026
0.028
0.030
0.029
0.031
0.028
0.032
0.028
0.030
0.029
0.028
0.027
0.027
0.026
0.026
0.028
0.028
0.026
0.027
0.027
0.027
0.025
0.022
0.021
0.021
0.019
0.018
0.016
0.014
0.011
0.008
0.004
-0.001
-0.005
-0.010
-0.015
-0.020
-0.025
-0.030
-0.034
-0.038
-0.042
-0.045
-0.049
-0.051
-0.053
-0.054
-0.055
-0.055
-0.054
-0.051
-0.051
-0.048
-0.046
-0.045
-0.043
-0.042
-0.040
-0.038
-0.039
-0.036
-0.034
-0.033
-0.030
-0.027
-0.025
-0.022
-0.019
-0.017
-0.014
-0.012
-0.009
-0.005
-0.008
-0.003
-0.001
-0.000
0.003
0.004
0.014
0.009
0.028
-0.002
0.035
0.022
0.029
0.039
0.025
0.022
0.033
0.079
-0.000
0.052
0.040
0.029
0.035
0.047
0.018
0.037
0.030
0.018
0.026
0.014
0.010
0.008
0.002
-0.004
-0.008
-0.013
-0.018
-0.025
-0.021
-0.030
-0.031
-0.031
-0.035
-0.034
-0.035
-0.037
-0.032
-0.035
-0.033
-0.030
-0.028
-0.026
-0.024
-0.022
-0.020
-0.018
-0.016
-0.015
-0.015
-0.014
-0.011
-0.005
-0.011
-0.005
-0.005
-0.004
-0.003
-0.003
0.001
-0.000
-0.000
0.002
0.001
0.001
-0.003
-0.002
-0.003
-0.003
-0.002
-0.001
0.001
-0.003
0.011
-0.003
0.018
-0.010
0.040
-0.044
0.072
-0.036
0.038
-0.004
0.023
-0.007
0.033
-0.010
0.022
0.002
0.007
0.006
0.003
0.002
-0.001
-0.001
-0.003
-0.004
-0.005
-0.006
-0.007
-0.008
-0.009
-0.008
-0.010
0.001
-0.013
0.001
0.001
-0.000
0.002
0.004
0.004
0.008
0.009
0.009
0.010
0.010
0.010
0.009
0.009
0.009
0.008
0.008
0.007
0.006
0.005
0.004
0.003
0.001
-0.001
-0.004
-0.003
-0.001
-0.003
-0.007
-0.008
-0.008
-0.008
-0.008
-0.009
-0.009
-0.009
-0.009
-0.008
-0.009
-0.005
-0.007
-0.005
-0.003
-0.004
-0.004
-0.002
0.001
0.001
0.001
0.002
0.003
0.003
0.004
0.004
0.004
0.004
0.004
0.004
0.006
0.005
0.008
0.009
0.009
0.011
0.012
0.013
0.013
0.014
0.014
0.013
0.013
0.015
0.020
0.007
0.005
0.004
0.005
0.005
0.003
0.002
0.001
0.001
0.001
-0.000
-0.001
-0.001
-0.001
-0.000
-0.000
0.000
0.001
0.001
0.002
0.003
0.003
0.003
0.004
0.004
0.004
0.003
0.003
0.002
0.001
0.000
-0.001
-0.002
-0.003
-0.004
-0.005
-0.007
-0.008
-0.009
-0.010
-0.011
-0.011
-0.011
-0.011
-0.010
-0.010
-0.007
-0.007
-0.004
-0.016
0.011
-0.030
0.019
-0.012
-0.004
0.009
-0.005
-0.008
-0.011
0.038
-0.037
0.021
0.013
-0.000
0.004
0.011
0.000
0.006
0.004
0.001
-0.001
-0.002
-0.004
-0.005
-0.006
-0.006
-0.006
-0.006
-0.007
-0.006
-0.005
-0.000
-0.010
-0.004
0.002
-0.003
-0.000
0.002
0.001
0.003
0.003
0.003
0.004
0.003
0.003
0.003
0.002
0.001
0.001
-0.001
-0.002
-0.002
-0.007
-0.005
-0.007
-0.008
-0.008
-0.008
-0.009
-0.010
-0.009
-0.008
-0.008
-0.007
-0.007
-0.006
-0.005
-0.004
-0.002
-0.001
-0.000
0.001
0.002
0.003
0.003
0.001
0.005
0.002
0.002
0.003
0.003
0.003
0.003
0.002
0.002
0.002
0.001
0.001
0.000
-0.001
-0.002
-0.003
-0.005
-0.006
-0.007
-0.006
-0.006
-0.005
-0.006
-0.008
-0.010
-0.008
-0.013
-0.001
-0.006
0.006
-0.004
0.038
-0.050
0.060
-0.048
0.040
-0.022
0.028
-0.018
0.028
-0.014
0.009
0.007
0.007
-0.010
0.005
-0.001
-0.004
-0.004
-0.006
-0.007
-0.007
-0.008
-0.008
-0.008
-0.007
-0.006
-0.006
-0.004
-0.004
-0.003
-0.004
0.002
0.000
0.002
0.005
0.005
0.005
0.004
0.004
0.004
0.002
0.009
0.005
0.006
0.007
0.006
0.005
0.004
0.003
0.002
0.001
-0.000
-0.001
-0.002
-0.003
-0.004
-0.005
-0.006
-0.007
-0.007
-0.006
-0.005
-0.005
-0.004
-0.001
-0.001
0.002
0.004
0.005
0.007
0.008
0.009
0.009
0.009
0.009
0.009
0.009
0.009
0.010
0.010
0.009
0.009
0.009
0.008
0.007
0.006
0.004
0.003
0.001
-0.001
-0.002
-0.003
-0.004
-0.004
-0.004
-0.004
-0.003
-0.002
-0.004
0.003
-0.000
-0.001
-0.000
0.004
0.010
0.009
0.007
0.008
0.010
0.011
0.011
0.011
0.010
0.010
0.009
0.008
0.008
0.008
0.007
0.007
0.006
0.006
0.006
0.005
0.005
0.004
0.004
0.003
0.002
0.002
0.001
0.001
0.002
0.002
0.003
0.004
0.004
0.005
0.005
0.007
0.008
0.008
0.007
0.007
0.007
0.007
0.007
0.006
0.006
0.005
0.004
0.004
0.003
0.002
0.002
0.001
-0.000
-0.001
-0.002
-0.003
-0.005
-0.005
-0.006
-0.006
-0.006
-0.004
-0.003
-0.001
0.000
0.003
0.005
0.007
0.009
0.010
0.010
0.011
0.011
0.011
0.011
0.011
0.011
0.011
0.011
0.010
0.009
0.008
0.008
0.007
0.005
0.004
0.002
0.001
-0.003
-0.001
-0.004
-0.008
-0.005
-0.006
-0.006
-0.008
-0.005
-0.004
-0.004
-0.003
-0.002
-0.000
0.003
-0.001
0.005
0.006
0.006
0.008
0.009
0.010
0.011
0.012
0.013
0.013
0.013
0.013
0.012
0.011
0.010
0.009
0.007
0.005
0.004
0.003
0.002
0.002
0.002
0.003
0.003
0.004
0.005
0.006
0.006
0.006
0.006
0.005
0.005
0.004
0.004
0.003
0.003
0.002
0.002
0.001
0.001
0.000
-0.000
-0.001
-0.001
-0.002
-0.002
-0.002
-0.002
-0.002
-0.002
-0.001
-0.001
0.000
0.001
0.003
0.004
0.005
0.007
0.008
0.008
0.009
0.009
0.010
0.010
0.010
0.009
0.009
0.008
0.007
0.006
0.005
0.003
0.002
0.000
-0.001
-0.002
-0.003
-0.005
-0.005
-0.005
-0.006
-0.007
-0.007
-0.006
-0.006
-0.005
-0.004
-0.003
-0.002
-0.001
0.001
0.002
0.003
0.004
0.005
0.006
0.010
0.010
0.008
-0.007
0.029
0.006
-0.010
0.013
0.011
0.042
-0.058
0.050
-0.055
0.045
-0.047
0.042
-0.055
0.027
-0.047
0.026
-0.054
0.011
-0.033
0.017
-0.024
0.002
-0.011
-0.004
-0.001
-0.002
-0.001
-0.001
-0.001
0.000
0.000
0.000
0.001
0.001
0.001
0.000
-0.000
-0.002
-0.001
-0.003
-0.004
-0.004
-0.005
-0.006
-0.007
-0.008
-0.009
-0.009
-0.010
-0.011
-0.011
-0.012
-0.012
-0.015
-0.009
-0.013
-0.012
-0.010
-0.010
-0.009
-0.007
-0.006
-0.005
-0.005
-0.002
-0.004
-0.003
-0.001
-0.001
-0.001
-0.001
-0.002
-0.003
-0.004
-0.005
-0.006
-0.006
-0.006
-0.007
-0.008
-0.008
-0.009
-0.009
-0.011
-0.008
-0.011
-0.011
-0.010
-0.010
-0.009
-0.010
-0.009
-0.007
-0.008
-0.004
-0.017
0.011
-0.031
0.019
-0.011
-0.007
0.007
-0.006
-0.011
-0.004
0.038
-0.041
0.021
0.012
-0.002
-0.005
0.020
-0.019
0.008
0.004
-0.004
-0.002
-0.003
-0.005
-0.006
-0.006
-0.006
-0.007
-0.007
-0.006
-0.006
-0.005
-0.005
-0.004
-0.003
-0.001
-0.000
0.001
-0.001
0.008
0.002
0.003
0.005
0.004
0.003
0.003
0.002
0.001
0.001
-0.000
-0.001
-0.001
-0.002
-0.002
-0.003
-0.003
-0.005
-0.006
-0.007
-0.008
-0.008
-0.008
-0.008
-0.007
-0.007
-0.005
-0.004
-0.004
-0.004
0.001
-0.002
-0.001
-0.000
-0.000
-0.000
-0.000
0.000
-0.002
-0.000
-0.001
-0.003
0.004
-0.000
0.002
0.004
0.005
0.007
0.008
0.009
0.009
0.009
0.009
0.009
0.009
0.008
0.008
0.007
0.007
0.006
0.005
0.005
0.004
0.003
0.002
0.001
0.000
0.001
-0.003
-0.001
-0.002
-0.003
-0.003
-0.003
-0.002
-0.002
-0.001
0.000
0.001
0.002
0.003
0.004
0.004
0.005
0.005
0.005
0.005
0.005
0.005
0.005
0.005
0.005
0.005
0.004
0.004
0.004
0.003
0.002
0.002
0.001
0.000
-0.000
-0.001
-0.001
-0.002
-0.002
-0.002
-0.002
-0.002
-0.002
-0.002
-0.002
-0.001
-0.001
-0.000
0.001
0.001
0.002
0.003
0.004
0.004
0.004
0.005
0.005
0.005
0.005
0.004
0.004
0.004
0.003
0.003
0.001
0.002
0.001
0.000
-0.000
-0.001
-0.002
-0.003
-0.003
-0.005
-0.006
-0.005
-0.004
-0.006
-0.009
-0.007
-0.004
-0.004
-0.004
-0.003
-0.002
-0.000
0.002
0.004
0.004
0.005
0.012
0.006
0.024
0.001
0.021
0.007
0.014
-0.001
0.015
-0.010
0.002
-0.001
-0.006
-0.009
-0.011
-0.003
-0.012
-0.010
-0.009
-0.008
-0.009
-0.008
-0.007
-0.006
-0.005
-0.005
-0.007
0.002
-0.003
-0.001
0.002
0.002
0.003
0.002
-0.013
0.019
0.002
-0.009
0.014
0.005
0.003
-0.020
0.029
-0.014
0.008
0.006
0.015
-0.022
0.011
-0.019
0.036
-0.043
0.031
-0.028
0.015
-0.035
0.019
-0.048
0.008
-0.037
0.008
-0.042
0.003
-0.022
-0.001
-0.006
0.012
-0.001
0.003
0.004
0.005
0.006
0.007
0.004
0.006
0.005
0.003
0.001
-0.003
-0.002
-0.008
-0.011
-0.013
-0.016
-0.018
-0.018
-0.019
-0.018
-0.018
-0.017
-0.015
-0.014
-0.012
-0.011
-0.010
-0.008
-0.007
-0.006
-0.004
-0.003
-0.003
-0.003
-0.002
-0.004
-0.004
-0.006
-0.010
-0.004
-0.008
-0.013
-0.005
-0.011
-0.008
-0.008
-0.009
-0.009
-0.009
-0.009
-0.010
-0.010
-0.011
-0.012
-0.012
-0.013
-0.013
-0.014
-0.014
-0.014
-0.016
-0.014
-0.022
-0.006
-0.032
0.006
-0.015
-0.006
0.008
-0.007
-0.010
-0.014
0.042
-0.024
0.006
0.016
-0.001
0.000
0.027
-0.009
0.013
0.009
0.003
0.004
0.005
-0.003
-0.000
-0.002
-0.005
-0.005
-0.006
-0.006
-0.006
-0.006
-0.006
-0.006
-0.006
-0.005
-0.005
-0.004
-0.002
-0.000
0.001
0.002
0.002
0.002
0.001
0.002
0.002
0.003
0.004
0.004
0.004
0.003
0.001
0.000
-0.001
-0.003
-0.005
-0.006
-0.007
-0.007
-0.008
-0.008
-0.009
-0.008
-0.009
-0.008
-0.010
-0.004
-0.009
-0.007
-0.005
-0.006
-0.004
-0.003
-0.002
-0.001
-0.001
0.002
0.001
0.001
0.002
0.003
0.003
0.004
0.004
0.005
0.004
0.003
0.002
0.001
0.001
-0.000
-0.001
-0.003
-0.004
-0.005
-0.006
-0.007
-0.008
-0.008
-0.009
-0.008
-0.008
-0.008
-0.008
-0.003
-0.005
-0.004
-0.012
0.016
-0.004
0.000
0.006
0.007
0.010
0.009
0.007
0.009
0.013
0.012
0.010
0.009
0.010
0.010
0.009
0.008
0.007
0.006
0.005
0.004
0.003
0.002
0.000
-0.000
-0.001
-0.002
-0.003
-0.003
-0.004
-0.004
-0.003
-0.004
-0.003
-0.002
-0.001
0.000
0.002
0.004
0.006
0.008
0.011
0.013
0.016
0.019
0.022
0.025
0.027
0.030
0.032
0.034
0.035
0.036
0.036
0.034
0.031
0.030
0.024
0.019
0.015
0.007
0.004
-0.002
-0.009
-0.016
-0.024
-0.032
-0.041
-0.048
-0.055
-0.056
-0.062
-0.065
-0.066
-0.067
-0.068
-0.069
-0.071
-0.067
-0.069
-0.067
-0.064
-0.062
-0.061
-0.050
-0.050
-0.043
-0.034
-0.027
-0.019
-0.010
-0.001
0.007
0.016
0.024
0.031
0.038
0.045
0.052
0.061
0.058
0.070
0.072
0.073
0.077
0.080
0.082
0.082
0.074
0.071
0.087
0.121
0.070
0.083
0.075
0.086
0.052
0.085
0.076
0.059
0.061
0.053
0.036
0.018
0.031
0.001
-0.004
-0.007
-0.017
-0.025
-0.031
-0.037
-0.044
-0.051
-0.055
-0.058
-0.060
-0.062
-0.062
-0.060
-0.061
-0.062
-0.059
-0.053
-0.049
-0.046
-0.042
-0.037
-0.032
-0.026
-0.020
-0.015
-0.009
-0.004
0.001
0.006
0.010
0.014
0.017
0.019
0.021
0.020
0.025
0.022
0.022
0.022
0.021
0.019
0.017
0.014
0.012
0.009
0.007
0.004
0.001
-0.003
-0.002
-0.007
-0.009
-0.010
-0.011
-0.012
-0.012
-0.012
-0.011
-0.010
-0.010
-0.009
-0.005
-0.002
0.004
-0.000
0.004
0.008
0.012
0.008
0.025
0.002
0.043
-0.001
0.039
-0.002
0.059
-0.014
0.056
-0.001
0.036
0.004
0.035
-0.001
0.029
-0.007
0.029
-0.013
0.025
-0.003
0.008
-0.006
0.002
-0.007
0.002
-0.004
-0.004
-0.002
-0.001
0.000
-0.005
-0.009
-0.011
0.002
-0.029
0.002
-0.009
-0.024
-0.014
-0.004
-0.014
-0.036
-0.010
-0.006
-0.043
-0.009
-0.017
-0.030
-0.018
-0.024
-0.022
-0.020
-0.020
-0.019
-0.017
-0.015
-0.014
-0.012
-0.009
-0.007
-0.005
-0.002
-0.000
0.003
0.005
0.007
0.008
0.010
0.011
0.012
0.012
0.012
0.012
0.011
0.009
0.007
0.004
0.000
-0.003
-0.007
-0.010
-0.012
-0.015
-0.016
-0.018
-0.018
-0.024
-0.022
-0.021
-0.025
-0.022
-0.023
-0.023
-0.021
-0.021
-0.019
-0.019
-0.017
-0.016
-0.015
-0.014
-0.014
-0.013
-0.013
-0.012
-0.010
-0.008
-0.007
-0.005
-0.005
-0.005
-0.005
-0.005
-0.005
-0.005
-0.005
-0.005
-0.005
-0.006
-0.006
-0.006
-0.007
-0.007
-0.008
-0.008
-0.008
-0.008
-0.008
-0.009
-0.006
-0.012
0.002
-0.020
0.004
0.000
-0.013
0.008
-0.002
-0.001
-0.025
0.039
-0.015
0.000
0.021
0.001
-0.016
0.022
-0.011
0.001
0.001
-0.001
0.001
-0.000
-0.001
-0.003
-0.005
-0.007
-0.009
-0.011
-0.013
-0.013
-0.014
-0.013
-0.012
-0.011
-0.009
-0.007
-0.003
-0.006
-0.000
0.000
-0.000
0.001
0.002
0.002
0.002
0.002
0.002
0.001
0.001
-0.000
-0.001
-0.002
-0.003
-0.004
-0.005
-0.005
-0.004
-0.005
-0.001
-0.004
0.012
-0.009
0.002
0.003
-0.006
0.016
-0.008
0.009
0.000
0.001
0.004
0.003
0.003
0.003
0.004
0.004
0.004
0.004
0.004
0.004
0.003
0.003
0.003
0.002
0.002
0.002
0.001
0.001
0.003
-0.002
0.002
0.001
0.000
0.001
0.001
0.002
0.002
0.002
0.003
0.004
0.004
0.005
0.006
0.007
0.008
0.009
0.010
0.011
0.011
0.010
0.009
0.007
0.004
0.001
-0.003
-0.007
-0.011
-0.014
-0.017
-0.019
-0.021
-0.022
-0.022
-0.026
-0.024
-0.024
-0.025
-0.024
-0.023
-0.022
-0.021
-0.019
-0.018
-0.016
-0.015
-0.014
-0.013
-0.012
-0.011
-0.011
-0.006
-0.013
-0.004
-0.004
-0.010
0.008
-0.003
0.001
0.006
0.006
0.008
0.009
0.010
0.011
0.012
0.013
0.014
0.013
0.012
0.012
0.011
0.010
0.009
0.006
0.007
0.003
0.016
-0.020
0.019
-0.005
0.005
0.015
0.007
0.002
-0.023
0.048
-0.017
0.003
0.014
-0.003
-0.011
0.021
-0.014
-0.005
-0.008
-0.010
-0.010
-0.014
-0.020
-0.020
-0.023
-0.024
-0.025
-0.026
-0.026
-0.026
-0.026
-0.025
-0.024
-0.022
-0.020
-0.018
-0.014
-0.010
-0.007
-0.004
-0.002
-0.001
-0.000
0.002
0.004
0.007
0.010
0.011
0.012
0.013
0.013
0.012
0.012
0.011
0.010
0.009
0.008
0.006
0.005
0.003
0.001
-0.001
-0.002
-0.003
-0.004
-0.004
-0.004
-0.004
-0.005
0.002
-0.001
0.001
-0.008
0.019
-0.005
-0.002
0.020
-0.016
0.022
-0.003
0.009
0.007
0.005
0.007
0.012
0.001
0.008
0.010
0.001
0.010
-0.002
0.008
-0.000
0.003
-0.004
0.005
-0.005
-0.002
-0.010
0.005
-0.029
0.024
-0.020
0.000
-0.007
-0.008
-0.019
0.006
-0.039
0.038
-0.030
0.037
-0.006
0.002
0.004
-0.005
-0.006
0.000
0.010
0.011
0.010
0.011
0.009
0.004
0.005
0.004
0.003
0.001
-0.001
-0.002
-0.003
-0.006
-0.007
-0.009
-0.005
-0.018
-0.008
-0.009
-0.010
-0.008
-0.006
-0.004
-0.002
0.000
0.002
0.004
0.006
0.008
0.010
0.012
0.013
0.015
0.015
0.016
0.016
0.015
0.014
0.013
0.012
0.011
0.009
0.008
0.007
0.006
0.004
0.003
0.002
0.001
-0.000
-0.001
-0.001
-0.002
-0.003
-0.003
-0.004
-0.004
-0.004
-0.000
0.004
0.004
0.003
0.003
0.005
0.002
0.003
0.001
0.018
0.015
0.014
0.016
0.038
-0.017
0.021
0.027
-0.002
0.009
0.025
0.015
0.025
-0.022
0.034
-0.014
0.014
0.002
0.002
0.004
0.004
0.005
-0.000
0.008
-0.006
0.008
-0.002
-0.001
0.002
0.001
-0.001
0.007
0.002
0.007
0.008
0.010
0.012
0.014
0.015
0.014
0.014
0.015
0.024
0.001
0.020
0.013
0.001
0.015
0.013
-0.000
-0.023
0.032
-0.026
-0.010
-0.005
-0.013
-0.012
-0.014
-0.017
-0.022
-0.027
-0.024
-0.020
-0.018
-0.018
-0.017
-0.015
-0.017
-0.016
-0.015
-0.014
-0.011
-0.009
-0.007
-0.005
-0.003
-0.001
0.001
0.002
0.003
0.004
0.005
0.006
0.006
0.006
0.006
0.008
0.000
0.005
0.002
-0.000
-0.002
-0.004
-0.005
-0.007
-0.009
-0.010
-0.011
-0.012
-0.013
-0.013
-0.014
-0.014
-0.014
-0.013
-0.012
-0.012
-0.010
-0.009
-0.007
-0.006
-0.004
-0.003
-0.001
0.000
0.002
0.003
0.004
0.005
0.006
0.006
0.007
0.007
0.007
0.007
0.006
0.006
0.006
0.005
0.005
0.004
0.003
0.003
0.002
0.001
0.000
-0.001
-0.002
-0.003
-0.002
-0.004
-0.004
-0.004
-0.003
-0.003
-0.002
-0.002
-0.001
0.000
0.001
0.002
0.003
0.002
0.006
0.003
0.004
0.005
0.005
0.005
0.005
0.005
0.005
0.004
0.004
0.004
0.003
0.002
0.002
0.001
0.001
-0.000
-0.001
-0.001
-0.002
-0.002
-0.002
-0.003
-0.003
-0.003
-0.003
-0.003
-0.002
-0.002
-0.001
-0.001
0.000
0.001
0.002
0.003
0.004
0.004
0.004
0.005
0.005
0.004
0.004
0.004
0.003
0.003
0.003
0.002
0.002
0.001
0.000
-0.000
-0.001
-0.001
-0.003
-0.005
-0.002
-0.003
-0.008
-0.004
-0.005
-0.006
-0.007
-0.005
-0.005
-0.005
-0.005
-0.005
-0.003
-0.000
0.001
0.005
0.002
0.009
0.012
0.006
0.024
0.002
0.024
0.008
0.010
-0.003
0.017
-0.008
-0.005
0.001
-0.004
-0.008
-0.009
-0.007
-0.011
-0.008
-0.008
-0.009
-0.008
-0.008
-0.008
-0.007
-0.006
-0.004
-0.006
-0.000
-0.002
0.000
0.002
0.000
0.001
0.011
-0.012
0.011
0.004
-0.009
0.012
0.006
0.004
-0.023
0.035
-0.013
0.004
0.005
0.017
-0.019
0.008
-0.022
0.041
-0.038
0.030
-0.030
0.011
-0.040
0.020
-0.044
0.005
-0.041
0.011
-0.038
0.005
-0.018
-0.000
-0.009
0.011
0.000
0.002
0.004
0.007
0.005
0.006
0.007
0.008
0.005
0.003
0.002
-0.002
-0.004
-0.008
-0.011
-0.013
-0.015
-0.017
-0.017
-0.017
-0.016
-0.018
-0.015
-0.015
-0.014
-0.012
-0.011
-0.009
-0.008
-0.006
-0.004
-0.003
-0.002
-0.002
-0.002
-0.003
-0.004
-0.005
-0.002
-0.012
-0.005
-0.006
-0.014
-0.001
-0.011
-0.009
-0.006
