0.022
0.021
0.017
0.013
0.005
-0.002
-0.006
-0.007
-0.022
-0.038
-0.035
-0.024
-0.022
-0.024
-0.021
-0.019
-0.021
-0.024
-0.024
-0.024
-0.027
-0.031
-0.035
-0.038
-0.040
-0.040
-0.039
-0.037
-0.035
-0.032
-0.029
-0.026
-0.024
-0.023
-0.023
-0.024
-0.025
-0.026
-0.027
-0.028
-0.028
-0.028
-0.027
-0.025
-0.022
-0.020
-0.017
-0.015
-0.013
-0.011
-0.010
-0.009
-0.009
-0.008
-0.007
-0.007
-0.005
-0.003
-0.001
0.003
0.006
0.009
0.013
0.017
0.021
0.025
0.029
0.033
0.037
0.041
0.046
0.050
0.054
0.058
0.062
0.066
0.069
0.073
0.076
0.080
0.083
0.087
0.091
0.095
0.100
0.104
0.108
0.112
0.115
0.118
0.120
0.122
0.123
0.124
0.125
0.126
0.127
0.129
0.131
0.133
0.136
0.139
0.143
0.145
0.145
0.144
0.140
0.136
0.133
0.131
0.129
0.126
0.122
0.116
0.108
0.099
0.094
0.090
0.082
0.069
0.059
0.042
0.055
0.025
0.018
0.002
0.013
-0.024
-0.036
-0.041
-0.032
-0.030
-0.060
-0.128
-0.123
-0.096
-0.098
-0.129
-0.147
-0.166
-0.183
-0.191
-0.168
-0.153
-0.205
-0.285
-0.276
-0.247
-0.203
-0.254
-0.276
-0.299
-0.301
-0.283
-0.284
-0.296
-0.311
-0.324
-0.318
-0.303
-0.299
-0.303
-0.315
-0.323
-0.299
-0.265
-0.267
-0.282
-0.275
-0.259
-0.248
-0.236
-0.225
-0.217
-0.206
-0.193
-0.179
-0.163
-0.149
-0.134
-0.109
-0.081
-0.060
-0.043
-0.027
-0.009
0.011
0.033
0.051
0.065
0.080
0.088
0.122
0.125
0.144
0.165
0.181
0.199
0.216
0.232
0.248
0.263
0.273
0.282
0.299
0.317
0.325
0.328
0.335
0.343
0.348
0.352
0.354
0.354
0.355
0.355
0.351
0.346
0.346
0.347
0.344
0.341
0.337
0.332
0.325
0.317
0.306
0.293
0.280
0.265
0.249
0.233
0.217
0.206
0.183
0.175
0.160
0.143
0.130
0.115
0.098
0.081
0.066
0.050
0.025
-0.003
-0.020
-0.033
-0.051
-0.071
-0.088
-0.103
-0.118
-0.131
-0.144
-0.157
-0.169
-0.181
-0.192
-0.203
-0.215
-0.226
-0.236
-0.244
-0.252
-0.258
-0.259
-0.257
-0.257
-0.258
-0.261
-0.266
-0.265
-0.262
-0.258
-0.254
-0.249
-0.243
-0.237
-0.231
-0.224
-0.217
-0.210
-0.203
-0.194
-0.186
-0.177
-0.169
-0.159
-0.149
-0.138
-0.127
-0.115
-0.104
-0.092
-0.080
-0.068
-0.056
-0.045
-0.034
-0.024
-0.014
-0.004
0.006
0.016
0.025
0.034
0.043
0.051
0.059
0.067
0.073
0.079
0.083
0.087
0.089
0.091
0.091
0.092
0.091
0.090
0.086
0.090
0.083
0.081
0.079
0.075
0.072
0.068
0.065
0.061
0.057
0.055
0.050
0.047
0.043
0.037
0.031
0.025
0.018
0.009
-0.000
-0.010
-0.019
-0.026
-0.031
-0.034
-0.037
-0.040
-0.045
-0.049
-0.053
-0.056
-0.059
-0.061
-0.063
-0.064
-0.066
-0.067
-0.067
-0.067
-0.067
-0.066
-0.065
-0.063
-0.061
-0.058
-0.053
-0.052
-0.045
-0.040
-0.035
-0.029
-0.022
-0.016
-0.009
-0.002
0.005
0.011
0.018
0.024
0.030
0.037
0.043
0.049
0.055
0.062
0.069
0.075
0.082
0.092
0.100
0.103
0.100
0.107
0.116
0.125
0.123
0.126
0.129
0.131
0.134
0.136
0.137
0.138
0.139
0.139
0.138
0.136
0.132
0.127
0.121
0.114
0.106
0.097
0.087
0.077
0.067
0.058
0.047
0.036
0.026
0.015
0.003
-0.008
-0.019
-0.030
-0.042
-0.053
-0.063
-0.074
-0.085
-0.096
-0.107
-0.118
-0.129
-0.139
-0.150
-0.160
-0.170
-0.178
-0.186
-0.193
-0.199
-0.204
-0.208
-0.211
-0.214
-0.216
-0.218
-0.219
-0.220
-0.219
-0.218
-0.217
-0.214
-0.212
-0.208
-0.204
-0.199
-0.194
-0.188
-0.182
-0.175
-0.167
-0.159
-0.150
-0.140
-0.130
-0.119
-0.107
-0.095
-0.083
-0.071
-0.059
-0.046
-0.033
-0.020
-0.007
0.007
0.020
0.032
0.046
0.059
0.073
0.084
0.097
0.109
0.120
0.130
0.140
0.149
0.158
0.165
0.172
0.178
0.184
0.189
0.194
0.197
0.201
0.203
0.205
0.206
0.207
0.207
0.207
0.207
0.205
0.204
0.202
0.199
0.195
0.190
0.185
0.179
0.171
0.164
0.156
0.150
0.135
0.131
0.122
0.111
0.103
0.093
0.084
0.074
0.063
0.051
0.039
0.026
0.013
-0.001
-0.015
-0.027
-0.039
-0.049
-0.057
-0.064
-0.071
-0.078
-0.083
-0.086
-0.092
-0.099
-0.107
-0.115
-0.124
-0.132
-0.140
-0.147
-0.152
-0.154
-0.155
-0.154
-0.151
-0.148
-0.148
-0.149
-0.137
-0.132
-0.114
-0.140
-0.137
-0.122
-0.107
-0.095
-0.115
-0.140
-0.105
-0.061
-0.083
-0.139
-0.098
-0.038
-0.076
-0.127
-0.058
0.031
-0.052
-0.131
-0.058
0.029
-0.002
-0.037
-0.011
0.013
0.014
0.007
0.017
0.033
0.033
0.034
0.038
0.049
0.037
0.052
0.045
0.049
0.050
0.050
0.052
0.053
0.054
0.055
0.055
0.055
0.054
0.052
0.048
0.044
0.040
0.035
0.028
0.022
0.018
0.014
0.009
0.003
-0.002
-0.005
-0.009
-0.013
-0.017
-0.021
-0.025
-0.028
-0.031
-0.034
-0.037
-0.039
-0.041
-0.042
-0.043
-0.044
-0.044
-0.044
-0.043
-0.042
-0.040
-0.038
-0.036
-0.032
-0.029
-0.025
-0.021
-0.017
-0.013
-0.009
-0.006
-0.003
0.000
0.003
0.005
0.007
0.010
0.012
0.014
0.016
0.017
0.019
0.020
0.021
0.021
0.020
0.020
0.018
0.017
0.015
0.012
0.009
0.006
0.003
-0.001
-0.004
-0.008
-0.013
-0.017
-0.022
-0.027
-0.034
-0.040
-0.047
-0.053
-0.060
-0.068
-0.081
-0.069
-0.085
-0.085
-0.082
-0.082
-0.080
-0.078
-0.076
-0.069
-0.070
-0.067
-0.065
-0.062
-0.060
-0.058
-0.055
-0.052
-0.048
-0.044
-0.040
-0.035
-0.031
-0.026
-0.022
-0.019
-0.017
-0.015
-0.014
-0.014
-0.013
-0.013
-0.012
-0.011
-0.008
-0.004
0.002
0.008
0.014
0.022
0.029
0.036
0.043
0.050
0.057
0.063
0.070
0.077
0.083
0.088
0.091
0.095
0.097
0.098
0.099
0.099
0.099
0.100
0.102
0.104
0.107
0.109
0.113
0.116
0.119
0.122
0.125
0.127
0.128
0.130
0.131
0.133
0.134
0.135
0.137
0.138
0.139
0.140
0.140
0.137
0.134
0.137
0.141
0.138
0.132
0.124
0.118
0.115
0.115
0.112
0.107
0.104
0.101
0.099
0.098
0.096
0.094
0.091
0.086
0.080
0.073
0.066
0.057
0.049
0.039
0.030
0.020
0.011
0.001
-0.008
-0.019
-0.029
-0.039
-0.049
-0.059
-0.069
-0.078
-0.087
-0.096
-0.105
-0.114
-0.123
-0.133
-0.142
-0.152
-0.162
-0.172
-0.181
-0.191
-0.200
-0.209
-0.218
-0.226
-0.234
-0.241
-0.244
-0.248
-0.259
-0.271
-0.274
-0.272
-0.275
-0.281
-0.284
-0.287
-0.288
-0.288
-0.288
-0.287
-0.285
-0.283
-0.279
-0.275
-0.270
-0.267
-0.252
-0.251
-0.241
-0.230
-0.220
-0.209
-0.197
-0.185
-0.172
-0.159
-0.145
-0.131
-0.116
-0.102
-0.087
-0.072
-0.056
-0.041
-0.026
-0.011
0.005
0.021
0.037
0.054
0.072
0.089
0.107
0.125
0.143
0.161
0.178
0.194
0.208
0.222
0.236
0.248
0.260
0.271
0.281
0.292
0.301
0.310
0.319
0.326
0.333
0.339
0.343
0.347
0.349
0.350
0.351
0.352
0.350
0.347
0.344
0.340
0.336
0.330
0.324
0.317
0.311
0.304
0.291
0.277
0.267
0.258
0.245
0.231
0.216
0.201
0.186
0.171
0.156
0.140
0.124
0.108
0.092
0.077
0.061
0.045
0.029
0.014
-0.001
-0.016
-0.030
-0.045
-0.061
-0.077
-0.090
-0.102
-0.119
-0.135
-0.135
-0.139
-0.150
-0.197
-0.207
-0.205
-0.187
-0.185
-0.203
-0.232
-0.234
-0.222
-0.221
-0.220
-0.229
-0.230
-0.241
-0.246
-0.219
-0.190
-0.210
-0.243
-0.222
-0.181
-0.182
-0.190
-0.202
-0.172
-0.165
-0.149
-0.161
-0.131
-0.151
-0.150
-0.148
-0.047
-0.084
-0.151
-0.123
-0.020
-0.029
-0.069
-0.058
-0.037
-0.035
-0.030
-0.007
0.016
0.013
0.005
0.010
0.023
0.032
0.041
0.048
0.054
0.064
0.073
0.073
0.070
0.075
0.083
0.087
0.088
0.091
0.085
0.083
0.083
0.082
0.081
0.079
0.074
0.072
0.065
0.070
0.052
0.053
0.057
0.048
0.038
0.043
0.049
0.034
0.015
0.014
0.021
0.016
0.007
0.000
-0.007
-0.012
-0.016
-0.021
-0.025
-0.029
-0.033
-0.037
-0.040
-0.043
-0.046
-0.049
-0.051
-0.053
-0.054
-0.055
-0.056
-0.057
-0.057
-0.057
-0.057
-0.057
-0.056
-0.055
-0.053
-0.051
-0.049
-0.046
-0.043
-0.040
-0.036
-0.032
-0.028
-0.023
-0.018
-0.013
-0.007
-0.000
0.006
0.013
0.020
0.026
0.031
0.034
0.037
0.044
0.051
0.056
0.058
0.059
0.060
0.066
0.074
0.079
0.082
0.085
0.089
0.091
0.094
0.095
0.096
0.096
0.096
0.095
0.093
0.094
0.090
0.089
0.086
0.085
0.081
0.078
0.074
0.069
0.064
0.058
0.052
0.045
0.037
0.030
0.022
0.013
0.005
-0.004
-0.013
-0.023
-0.032
-0.041
-0.050
-0.057
-0.064
-0.069
-0.074
-0.078
-0.080
-0.082
-0.084
-0.087
-0.089
-0.091
-0.088
-0.104
-0.095
-0.099
-0.103
-0.103
-0.098
-0.113
-0.100
-0.099
-0.095
-0.122
-0.121
-0.102
-0.078
-0.084
-0.108
-0.107
-0.103
-0.056
-0.061
-0.066
-0.088
-0.083
-0.085
-0.040
0.008
0.001
-0.035
-0.044
-0.025
0.043
0.043
0.025
-0.008
0.012
0.059
0.069
0.063
0.062
0.063
0.073
0.090
0.102
0.106
0.102
0.096
0.109
0.128
0.129
0.124
0.128
0.134
0.136
0.138
0.140
0.140
0.141
0.142
0.142
0.141
0.140
0.138
0.135
0.132
0.128
0.124
0.119
0.113
0.108
0.102
0.097
0.091
0.085
0.078
0.072
0.065
0.058
0.050
0.043
0.035
0.027
0.019
0.010
0.002
-0.007
-0.017
-0.027
-0.037
-0.048
-0.058
-0.070
-0.081
-0.087
-0.092
-0.099
-0.106
-0.110
-0.113
-0.115
-0.116
-0.116
-0.116
-0.116
-0.114
-0.112
-0.110
-0.107
-0.104
-0.103
-0.103
-0.102
-0.105
-0.107
-0.109
-0.112
-0.117
-0.112
-0.115
-0.112
-0.107
-0.102
-0.097
-0.090
-0.084
-0.079
-0.074
-0.071
-0.068
-0.066
-0.063
-0.061
-0.059
-0.056
-0.052
-0.047
-0.041
-0.036
-0.030
-0.025
-0.019
-0.014
-0.010
-0.007
-0.004
-0.001
0.001
0.002
0.004
0.005
0.006
0.007
0.007
0.007
0.007
0.006
0.005
0.003
0.002
0.000
-0.002
-0.007
-0.011
-0.017
-0.016
-0.020
-0.024
-0.023
-0.022
-0.030
-0.042
-0.043
-0.038
-0.034
-0.030
-0.033
-0.037
-0.035
-0.030
-0.027
-0.024
-0.018
-0.011
-0.008
-0.006
-0.002
0.004
0.009
0.014
0.019
0.024
0.029
0.034
0.040
0.045
0.049
0.049
0.064
0.059
0.064
0.069
0.070
0.072
0.074
0.074
0.074
0.072
0.069
0.065
0.061
0.055
0.049
0.043
0.037
0.031
0.025
0.019
0.014
0.008
0.003
-0.001
-0.005
-0.009
-0.011
-0.014
-0.015
-0.016
-0.017
-0.018
-0.019
-0.020
-0.022
-0.024
-0.029
-0.031
-0.038
-0.045
-0.041
-0.035
-0.034
-0.037
-0.043
-0.049
-0.044
-0.033
-0.031
-0.032
-0.031
-0.029
-0.027
-0.023
-0.020
-0.017
-0.014
-0.012
-0.010
-0.008
-0.007
-0.005
-0.004
-0.003
-0.001
0.001
0.004
0.007
0.010
0.013
0.017
0.021
0.024
0.027
0.031
0.034
0.036
0.039
0.042
0.045
0.048
0.051
0.054
0.058
0.061
0.064
0.067
0.070
0.073
0.075
0.077
0.074
0.086
0.078
0.081
0.084
0.084
0.085
0.087
0.089
0.090
0.085
0.101
0.091
0.093
0.096
0.095
0.094
0.093
0.092
0.090
0.088
0.087
0.085
0.084
0.082
0.081
0.079
0.077
0.075
0.072
0.069
0.067
0.064
0.058
0.055
0.051
0.047
0.042
0.038
0.035
0.033
0.025
0.017
0.014
0.013
0.009
0.004
-0.000
-0.004
-0.008
-0.011
-0.015
-0.019
-0.023
-0.028
-0.033
-0.039
-0.045
-0.051
-0.058
-0.065
-0.071
-0.076
-0.082
-0.088
-0.093
-0.099
-0.109
-0.118
-0.117
-0.112
-0.118
-0.129
-0.135
-0.139
-0.140
-0.139
-0.141
-0.145
-0.147
-0.149
-0.151
-0.152
-0.153
-0.155
-0.156
-0.159
-0.161
-0.164
-0.166
-0.169
-0.172
-0.174
-0.175
-0.175
-0.174
-0.172
-0.169
-0.165
-0.161
-0.156
-0.151
-0.145
-0.142
-0.138
-0.129
-0.118
-0.112
-0.109
-0.103
-0.095
-0.088
-0.081
-0.074
-0.068
-0.062
-0.056
-0.047
-0.041
-0.032
-0.022
-0.012
-0.002
0.008
0.018
0.029
0.039
0.049
0.058
0.068
0.078
0.087
0.096
0.106
0.115
0.125
0.134
0.144
0.152
0.160
0.161
0.183
0.180
0.191
0.202
0.202
0.197
0.193
0.192
0.215
0.223
0.253
0.192
0.201
0.231
0.233
0.248
0.194
0.223
0.232
0.239
0.214
0.183
0.212
0.268
0.167
0.135
0.228
0.255
0.150
0.111
0.166
0.215
0.139
0.117
0.125
0.135
0.095
0.104
0.090
0.068
0.058
0.050
0.040
0.030
0.021
0.012
0.003
-0.005
-0.014
-0.024
-0.031
-0.041
-0.050
-0.058
-0.067
-0.075
-0.084
-0.093
-0.101
-0.110
-0.119
-0.127
-0.135
-0.143
-0.149
-0.153
-0.157
-0.159
-0.161
-0.161
-0.160
-0.160
-0.159
-0.159
-0.159
-0.159
-0.159
-0.159
-0.158
-0.157
-0.154
-0.151
-0.146
-0.141
-0.134
-0.128
-0.121
-0.113
-0.106
-0.099
-0.093
-0.086
-0.080
-0.074
-0.067
-0.061
-0.056
-0.050
-0.045
-0.040
-0.036
-0.031
-0.027
-0.023
-0.019
-0.014
-0.009
-0.003
0.003
0.009
0.015
0.020
0.025
0.029
0.033
0.037
0.039
0.042
0.046
0.050
0.047
0.043
0.044
0.047
0.047
0.045
0.042
0.038
0.035
0.033
0.030
0.027
0.023
0.020
0.016
0.013
0.009
0.006
0.003
-0.000
-0.003
-0.006
-0.009
-0.012
-0.015
-0.019
-0.022
-0.026
-0.030
-0.034
-0.038
-0.041
-0.044
-0.047
-0.049
-0.051
-0.052
-0.053
-0.054
-0.054
-0.054
-0.053
-0.052
-0.051
-0.049
-0.046
-0.044
-0.041
-0.038
-0.035
-0.032
-0.029
-0.026
-0.023
-0.019
-0.015
-0.013
-0.012
-0.007
-0.002
0.001
0.005
0.008
0.012
0.017
0.022
0.026
0.031
0.040
0.050
0.056
0.059
0.064
0.070
0.074
0.078
0.081
0.083
0.084
0.085
0.086
0.086
0.086
0.086
0.085
0.083
0.081
0.079
0.077
0.075
0.074
0.071
0.069
0.066
0.066
0.062
0.059
0.056
0.052
0.047
0.043
0.039
0.035
0.029
0.023
0.017
0.011
0.004
-0.003
-0.011
-0.018
-0.025
-0.032
-0.037
-0.042
-0.046
-0.050
-0.053
-0.055
-0.058
-0.061
-0.064
-0.067
-0.070
-0.073
-0.076
-0.079
-0.082
-0.084
-0.086
-0.089
-0.091
-0.090
-0.089
-0.090
-0.092
-0.092
-0.090
-0.088
-0.086
-0.083
-0.080
-0.077
-0.073
-0.068
-0.063
-0.058
-0.053
-0.047
-0.041
-0.034
-0.028
-0.021
-0.015
-0.008
-0.001
0.005
0.012
0.018
0.024
0.030
0.035
0.040
0.044
0.048
0.051
0.055
0.057
0.061
0.064
0.067
0.070
0.073
0.076
0.079
0.081
0.084
0.086
0.088
0.090
0.092
0.093
0.094
0.095
0.095
0.094
0.092
0.086
0.090
0.081
0.078
0.074
0.071
0.066
0.063
0.060
0.057
0.054
0.052
0.048
0.044
0.040
0.034
0.029
0.023
0.016
0.010
0.003
-0.003
-0.009
-0.015
-0.021
-0.026
-0.031
-0.036
-0.041
-0.045
-0.050
-0.053
-0.057
-0.061
-0.063
-0.066
-0.067
-0.073
-0.074
-0.077
-0.081
-0.084
-0.087
-0.087
-0.087
-0.093
-0.100
-0.098
-0.093
-0.092
-0.093
-0.092
-0.091
-0.090
-0.088
-0.087
-0.086
-0.084
-0.083
-0.082
-0.081
-0.077
-0.076
-0.073
-0.069
-0.066
-0.063
-0.059
-0.055
-0.052
-0.054
-0.039
-0.044
-0.039
-0.033
-0.029
-0.025
-0.023
-0.024
-0.023
-0.022
-0.016
-0.013
-0.024
-0.037
-0.026
-0.007
-0.003
-0.008
-0.019
-0.029
-0.018
0.001
0.005
-0.000
-0.003
-0.004
-0.004
0.003
0.008
0.019
0.005
-0.009
0.003
0.035
0.013
0.031
0.025
0.020
-0.001
0.088
0.067
0.028
0.016
0.079
0.076
0.059
0.059
0.069
0.070
0.072
0.074
0.074
0.072
0.070
0.068
0.068
0.076
0.083
0.072
0.057
0.062
0.074
0.080
0.071
0.069
0.069
0.067
0.068
0.067
0.066
0.066
0.065
0.063
0.062
0.062
0.060
0.058
0.048
0.064
0.046
0.048
0.049
0.043
0.029
0.027
0.030
0.026
0.021
0.017
0.014
0.011
0.009
0.007
0.005
0.003
0.001
-0.001
-0.003
-0.005
-0.007
-0.009
-0.011
-0.014
-0.018
-0.022
-0.026
-0.031
-0.036
-0.041
-0.046
-0.050
-0.052
-0.054
-0.053
-0.058
-0.053
-0.052
-0.051
-0.048
-0.045
-0.041
-0.036
-0.030
-0.022
-0.011
-0.001
-0.002
-0.008
-0.006
-0.002
-0.004
-0.007
-0.009
-0.011
-0.011
-0.010
-0.007
-0.004
0.001
0.006
0.012
0.018
0.023
0.028
0.031
0.034
0.036
0.039
0.041
0.043
0.045
0.048
0.050
0.053
0.055
0.057
0.059
0.061
0.063
0.065
0.067
0.069
0.071
0.073
0.075
0.077
0.078
0.080
0.081
0.083
0.084
0.085
0.086
0.086
0.086
0.085
0.083
0.080
0.077
0.073
0.070
0.066
0.063
0.062
0.063
0.065
0.063
0.060
0.063
0.067
0.067
0.065
0.062
0.059
0.055
0.051
0.046
0.041
0.037
0.035
0.030
0.026
0.025
0.022
0.008
-0.005
0.006
0.022
0.005
-0.024
-0.027
-0.019
0.004
0.006
-0.028
-0.072
-0.059
-0.022
-0.027
-0.050
-0.065
-0.077
-0.079
-0.066
-0.035
-0.015
-0.072
-0.145
-0.101
-0.030
-0.015
-0.089
-0.100
-0.093
-0.078
-0.055
-0.065
-0.093
-0.106
-0.107
-0.094
-0.078
-0.087
-0.108
-0.108
-0.103
-0.082
-0.087
-0.096
-0.107
-0.097
-0.078
-0.081
-0.091
-0.089
-0.083
-0.081
-0.079
-0.077
-0.077
-0.084
-0.090
-0.076
-0.055
-0.059
-0.068
-0.063
-0.053
-0.045
-0.037
-0.030
-0.025
-0.020
-0.014
-0.008
-0.002
0.003
0.008
0.015
0.023
0.029
0.035
0.041
0.049
0.056
0.063
0.070
0.076
0.082
0.088
0.093
0.099
0.104
0.110
0.115
0.120
0.125
0.130
0.135
0.140
0.144
0.149
0.153
0.157
0.160
0.163
0.168
0.174
0.176
0.176
0.177
0.178
0.178
0.177
0.175
0.172
0.168
0.165
0.161
0.158
0.155
0.152
0.149
0.145
0.142
0.138
0.135
0.131
0.127
0.122
0.117
0.112
0.107
0.101
0.094
0.087
0.083
0.078
0.063
0.044
0.037
0.035
0.025
0.012
0.001
-0.010
-0.020
-0.030
-0.042
-0.053
-0.058
-0.061
-0.068
-0.078
-0.082
-0.085
-0.087
-0.090
-0.093
-0.098
-0.100
-0.102
-0.110
-0.119
-0.123
-0.124
-0.127
-0.129
-0.129
-0.128
-0.127
-0.127
-0.127
-0.126
-0.125
-0.123
-0.121
-0.119
-0.117
-0.114
-0.111
-0.108
-0.104
-0.100
-0.096
-0.091
-0.087
-0.085
-0.073
-0.073
-0.066
-0.059
-0.054
-0.049
-0.043
-0.037
-0.031
-0.025
-0.019
-0.012
-0.004
0.003
0.011
0.019
0.027
0.033
0.037
0.038
0.036
0.033
0.030
0.026
0.022
0.017
0.013
0.009
0.007
0.007
0.010
0.017
0.026
0.034
0.039
0.041
0.041
0.039
0.037
0.034
0.031
0.028
0.025
0.023
0.022
0.022
0.021
0.020
0.019
0.018
0.016
0.015
0.012
0.010
0.008
0.006
0.003
0.001
-0.002
-0.005
-0.007
-0.011
-0.014
-0.017
-0.020
-0.023
-0.026
-0.027
-0.028
-0.028
-0.029
-0.034
-0.021
-0.030
-0.028
-0.025
-0.025
-0.025
-0.024
-0.023
-0.022
-0.022
-0.019
-0.019
-0.018
-0.016
-0.014
-0.013
-0.011
-0.009
-0.007
-0.004
-0.001
0.002
0.006
0.009
0.013
0.017
0.020
0.022
0.024
0.026
0.027
0.028
0.028
0.029
0.029
0.030
0.031
0.031
0.032
0.033
0.035
0.036
0.036
0.036
0.035
0.034
0.035
0.038
0.041
0.044
0.041
0.034
0.026
0.018
0.013
0.011
0.014
0.018
0.018
0.015
0.013
0.010
0.008
0.007
0.005
0.002
0.002
0.002
-0.002
-0.008
-0.012
-0.016
-0.020
-0.025
-0.028
-0.034
-0.030
-0.036
-0.036
-0.036
-0.036
-0.037
-0.037
-0.038
-0.039
-0.040
-0.042
-0.043
-0.044
-0.045
-0.047
-0.047
-0.048
-0.049
-0.049
-0.050
-0.050
-0.050
-0.050
-0.048
-0.046
-0.044
-0.041
-0.040
-0.032
-0.032
-0.028
-0.024
-0.022
-0.021
-0.017
-0.012
-0.010
-0.009
-0.006
-0.002
0.003
0.007
0.012
0.017
0.022
0.027
0.030
0.034
0.036
0.038
0.040
0.041
0.042
0.042
0.044
0.045
0.047
0.049
0.052
0.054
0.056
0.058
0.059
0.059
0.059
0.058
0.057
0.055
0.053
0.050
0.048
0.046
0.045
0.043
0.042
0.040
0.038
0.037
0.035
0.033
0.032
0.030
0.028
0.027
0.025
0.023
0.020
0.018
0.013
0.008
0.006
0.002
-0.009
-0.021
-0.014
-0.014
-0.013
-0.055
-0.045
-0.018
-0.017
-0.015
-0.069
-0.060
-0.043
-0.017
-0.042
-0.069
-0.051
-0.015
-0.070
-0.095
-0.001
-0.006
-0.093
-0.137
-0.041
-0.004
-0.106
-0.083
-0.086
-0.062
-0.065
-0.057
-0.049
-0.045
-0.052
-0.062
-0.055
-0.041
-0.041
-0.046
-0.049
-0.051
-0.051
-0.048
-0.046
-0.044
-0.041
-0.038
-0.035
-0.032
-0.030
-0.028
-0.026
-0.025
-0.025
-0.024
-0.023
-0.023
-0.023
-0.023
-0.023
-0.024
-0.025
-0.026
-0.027
-0.028
-0.028
-0.027
-0.026
-0.025
-0.022
-0.019
-0.016
-0.013
-0.010
-0.009
-0.010
-0.011
-0.007
-0.002
-0.003
-0.007
-0.005
-0.002
0.001
0.005
0.009
0.013
0.017
0.021
0.024
0.027
0.030
0.031
0.033
0.034
0.035
0.036
0.037
0.038
0.039
0.039
0.040
0.040
0.040
0.040
0.040
0.040
0.039
0.039
0.039
0.038
0.038
0.038
0.037
0.037
0.036
0.036
0.035
0.035
0.034
0.034
0.033
0.032
0.031
0.030
0.029
0.027
0.026
0.024
0.022
0.021
0.019
0.017
0.015
0.013
0.011
0.009
0.007
0.004
0.001
-0.005
-0.000
-0.009
-0.011
-0.013
-0.015
-0.017
-0.019
-0.019
-0.020
-0.020
-0.020
-0.020
-0.020
-0.021
-0.022
-0.022
-0.023
-0.024
-0.025
-0.026
-0.026
-0.028
-0.024
-0.026
-0.025
-0.023
-0.021
-0.020
-0.020
-0.020
-0.019
-0.019
-0.020
-0.020
-0.016
-0.013
-0.018
-0.024
-0.020
-0.011
-0.008
-0.008
-0.006
-0.004
-0.001
0.002
0.004
0.005
0.007
0.009
0.009
0.011
0.013
0.022
0.009
0.026
0.024
0.026
0.029
0.031
0.034
0.036
0.039
0.040
0.042
0.044
0.046
0.047
0.047
0.048
0.047
0.046
0.045
0.044
0.042
0.041
0.040
0.040
0.041
0.042
0.043
0.045
0.047
0.049
0.050
0.049
0.048
0.046
0.043
0.040
0.037
0.033
0.031
0.029
0.027
0.027
0.026
0.026
0.026
0.025
0.024
0.022
0.018
0.013
0.013
0.014
0.009
0.001
-0.002
-0.004
-0.007
-0.010
-0.013
-0.016
-0.019
-0.022
-0.024
-0.027
-0.029
-0.031
-0.034
-0.035
-0.037
-0.039
-0.041
-0.043
-0.046
-0.048
-0.050
-0.053
-0.056
-0.058
-0.060
-0.057
-0.069
-0.062
-0.064
-0.066
-0.066
-0.066
-0.067
-0.068
-0.069
-0.071
-0.072
-0.074
-0.076
-0.077
-0.078
-0.079
-0.079
-0.080
-0.077
-0.078
-0.077
-0.076
-0.075
-0.074
-0.074
-0.073
-0.072
-0.072
-0.071
-0.069
-0.067
-0.065
-0.062
-0.059
-0.056
-0.052
-0.048
-0.044
-0.039
-0.035
-0.031
-0.026
-0.022
-0.017
-0.013
-0.008
-0.003
0.001
0.006
0.010
0.015
0.019
0.024
0.028
0.032
0.036
0.039
0.043
0.046
0.049
0.052
0.055
0.059
0.064
0.069
0.074
0.080
0.086
0.092
0.097
0.101
0.104
0.109
0.112
0.110
0.106
0.107
0.111
0.112
0.112
0.113
0.115
0.118
0.121
0.123
0.126
0.128
0.129
0.130
0.131
0.131
0.131
0.131
0.129
0.127
0.124
0.120
0.116
0.110
0.103
0.095
0.088
0.083
0.079
0.076
0.073
0.070
0.066
0.064
0.061
0.055
0.049
0.050
0.050
0.030
0.006
0.006
0.014
0.012
-0.003
-0.030
-0.070
0.005
0.007
-0.009
-0.043
-0.041
-0.023
-0.047
-0.073
-0.038
0.000
-0.065
-0.145
-0.084
0.012
-0.039
-0.132
-0.108
-0.047
-0.058
-0.088
-0.084
-0.072
-0.072
-0.073
-0.071
-0.071
-0.077
-0.081
-0.069
-0.052
-0.056
-0.068
-0.066
-0.058
-0.052
-0.046
-0.043
-0.040
-0.037
-0.027
-0.026
-0.003
0.014
0.025
