0.007
0.011
0.013
0.015
0.016
0.018
0.018
0.019
0.02
0.03
0.007
0.025
0.022
0.016
0.016
0.014
0.01
0.005
0
-0.005
-0.012
-0.019
-0.023
-0.026
-0.033
-0.039
-0.034
-0.024
-0.018
-0.012
-0.004
0.002
0.005
0.005
0.001
-0.006
-0.016
-0.027
-0.038
-0.049
-0.056
-0.061
-0.053
-0.051
-0.048
-0.045
-0.038
-0.028
-0.023
-0.023
-0.024
-0.027
-0.033
-0.041
-0.051
-0.06
-0.067
-0.072
-0.074
-0.074
-0.075
-0.075
-0.075
-0.074
-0.073
-0.072
-0.072
-0.071
-0.069
-0.067
-0.064
-0.062
-0.06
-0.058
-0.062
-0.061
-0.062
-0.045
-0.048
-0.057
-0.057
-0.054
-0.049
-0.043
-0.038
-0.036
-0.04
-0.042
-0.028
-0.009
-0.009
-0.017
-0.014
-0.006
-0.001
0.004
0.011
0.017
0.026
0.035
0.041
0.045
0.049
0.053
0.06
0.069
0.079
0.09
0.103
0.116
0.129
0.142
0.154
0.163
0.171
0.177
0.18
0.182
0.181
0.181
0.189
0.202
0.216
0.229
0.23
0.231
0.219
0.206
0.21
0.241
0.356
0.438
0.349
0.2
0.211
0.286
0.267
0.221
0.21
0.205
0.19
0.184
0.197
0.208
0.182
0.142
0.128
0.129
0.132
0.129
0.09
0.044
0.052
0.078
0.056
0.015
-0.006
-0.019
-0.029
-0.036
-0.052
-0.073
-0.098
-0.12
-0.13
-0.137
-0.158
-0.186
-0.203
-0.217
-0.236
-0.253
-0.262
-0.269
-0.284
-0.302
-0.313
-0.32
-0.325
-0.328
-0.333
-0.335
-0.321
-0.308
-0.328
-0.355
-0.344
-0.319
-0.321
-0.332
-0.335
-0.336
-0.339
-0.334
-0.307
-0.284
-0.31
-0.347
-0.322
-0.273
-0.259
-0.257
-0.244
-0.23
-0.209
-0.183
-0.157
-0.134
-0.114
-0.098
-0.083
-0.068
-0.055
-0.041
-0.02
0.001
0.004
0.005
0.026
0.057
0.082
0.105
0.134
0.161
0.184
0.202
0.211
0.217
0.23
0.244
0.246
0.244
0.251
0.262
0.273
0.285
0.297
0.309
0.32
0.33
0.338
0.345
0.35
0.353
0.355
0.356
0.355
0.353
0.35
0.345
0.338
0.33
0.321
0.31
0.298
0.285
0.271
0.256
0.242
0.226
0.21
0.194
0.178
0.162
0.148
0.134
0.122
0.111
0.101
0.092
0.085
0.077
0.063
0.046
0.031
0.016
-0.003
-0.023
-0.044
-0.063
-0.08
-0.095
-0.107
-0.117
-0.126
-0.133
-0.14
-0.145
-0.15
-0.154
-0.158
-0.162
-0.165
-0.167
-0.169
-0.17
-0.171
-0.171
-0.17
-0.169
-0.169
-0.17
-0.17
-0.169
-0.166
-0.16
-0.152
-0.143
-0.133
-0.122
-0.11
-0.098
-0.087
-0.077
-0.068
-0.06
-0.052
-0.044
-0.037
-0.03
-0.024
-0.019
-0.014
-0.009
-0.005
-0.003
-0
0.003
0.01
0.016
0.022
0.018
0.056
0.042
0.055
0.069
0.072
0.074
0.074
0.072
0.067
0.062
0.055
0.047
0.041
0.037
0.036
0.036
0.03
0.024
0.024
0.026
0.023
0.02
0.023
0.026
0.015
0.002
0.005
0.012
0.007
-0.005
-0.016
-0.029
-0.042
-0.055
-0.07
-0.083
-0.093
-0.099
-0.102
-0.102
-0.099
-0.095
-0.089
-0.083
-0.079
-0.077
-0.076
-0.076
-0.076
-0.077
-0.078
-0.078
-0.078
-0.077
-0.076
-0.073
-0.071
-0.068
-0.066
-0.062
-0.057
-0.051
-0.045
-0.039
-0.025
-0.02
-0.009
0.002
0.012
0.022
0.033
0.043
0.053
0.062
0.074
0.082
0.09
0.098
0.105
0.111
0.118
0.124
0.129
0.133
0.14
0.141
0.149
0.138
0.159
0.187
0.185
0.173
0.175
0.182
0.183
0.183
0.179
0.173
0.167
0.161
0.157
0.154
0.152
0.151
0.149
0.148
0.147
0.144
0.138
0.13
0.119
0.105
0.09
0.074
0.055
0.037
0.022
0.008
-0.007
-0.022
-0.033
-0.046
-0.073
-0.097
-0.088
-0.072
-0.092
-0.125
-0.135
-0.134
-0.135
-0.14
-0.147
-0.174
-0.144
-0.183
-0.188
-0.193
-0.199
-0.213
-0.219
-0.223
-0.229
-0.232
-0.233
-0.234
-0.235
-0.238
-0.227
-0.231
-0.231
-0.228
-0.218
-0.204
-0.199
-0.198
-0.191
-0.18
-0.171
-0.161
-0.152
-0.143
-0.134
-0.124
-0.113
-0.102
-0.09
-0.078
-0.067
-0.056
-0.044
-0.031
-0.018
-0.003
0.019
0.04
0.045
0.045
0.054
0.072
0.101
0.13
0.124
0.112
0.115
0.126
0.133
0.139
0.143
0.146
0.153
0.163
0.173
0.186
0.213
0.236
0.22
0.19
0.187
0.197
0.196
0.19
0.176
0.16
0.156
0.153
0.101
0.064
-0.011
0.072
0.1
0.126
0.147
0.142
0.13
0.115
0.102
0.093
0.081
0.068
0.057
0.049
0.043
0.039
0.033
0.025
0.017
0.009
0.002
-0.004
-0.009
-0.012
-0.021
-0.022
-0.021
-0.004
-0.056
-0.032
-0.041
-0.053
-0.066
-0.08
-0.07
-0.06
-0.106
-0.155
-0.107
-0.041
-0.104
-0.19
-0.128
-0.02
-0.095
-0.164
-0.144
-0.088
-0.08
-0.091
-0.094
-0.097
-0.093
-0.082
-0.075
-0.07
-0.065
-0.06
-0.054
-0.048
-0.044
-0.039
-0.028
-0.019
-0.025
-0.034
-0.026
-0.011
-0.005
-0.002
0.004
0.011
0.02
0.03
0.04
0.048
0.053
0.055
0.055
0.053
0.049
0.043
0.037
0.029
0.023
0.019
0.015
0.011
0.008
0.005
0.002
0
-0.002
-0.004
-0.006
-0.007
-0.008
-0.008
-0.008
-0.009
-0.011
-0.014
-0.018
-0.023
-0.029
-0.035
-0.041
-0.047
-0.051
-0.053
-0.055
-0.055
-0.054
-0.052
-0.05
-0.046
-0.04
-0.032
-0.024
-0.014
-0.003
0.009
0.021
0.032
0.04
0.044
0.046
0.046
0.043
0.038
0.031
0.025
0.021
0.02
0.02
0.022
0.024
0.027
0.03
0.032
0.032
0.029
0.024
0.017
0.009
0.001
-0.008
-0.017
-0.025
-0.031
-0.037
-0.041
-0.046
-0.05
-0.054
-0.057
-0.058
-0.059
-0.059
-0.058
-0.056
-0.053
-0.05
-0.048
-0.05
-0.054
-0.061
-0.07
-0.081
-0.093
-0.104
-0.117
-0.126
-0.144
-0.112
-0.14
-0.134
-0.124
-0.121
-0.116
-0.111
-0.108
-0.106
-0.105
-0.104
-0.103
-0.102
-0.101
-0.1
-0.099
-0.097
-0.095
-0.093
-0.092
-0.091
-0.089
-0.086
-0.083
-0.079
-0.074
-0.069
-0.063
-0.056
-0.05
-0.044
-0.039
-0.034
-0.03
-0.026
-0.022
-0.018
-0.015
-0.011
-0.008
-0.005
-0.002
0.001
0.003
0.006
0.009
0.014
0.02
0.028
0.036
0.046
0.056
0.067
0.078
0.085
0.09
0.094
0.097
0.097
0.097
0.103
0.108
0.102
0.095
0.106
0.124
0.132
0.138
0.146
0.155
0.164
0.174
0.182
0.19
0.198
0.206
0.213
0.218
0.222
0.223
0.222
0.219
0.214
0.208
0.201
0.193
0.188
0.185
0.183
0.183
0.183
0.183
0.184
0.185
0.184
0.181
0.178
0.173
0.166
0.157
0.15
0.143
0.133
0.122
0.11
0.097
0.082
0.067
0.051
0.035
0.021
0.008
-0.002
-0.013
-0.024
-0.043
-0.027
-0.056
-0.065
-0.074
-0.091
-0.107
-0.125
-0.142
-0.156
-0.169
-0.192
-0.216
-0.225
-0.229
-0.24
-0.254
-0.265
-0.275
-0.284
-0.291
-0.299
-0.306
-0.312
-0.318
-0.322
-0.327
-0.332
-0.337
-0.343
-0.348
-0.353
-0.358
-0.363
-0.366
-0.366
-0.364
-0.359
-0.352
-0.342
-0.33
-0.318
-0.304
-0.29
-0.276
-0.267
-0.257
-0.236
-0.212
-0.199
-0.191
-0.178
-0.163
-0.151
-0.14
-0.129
-0.118
-0.106
-0.093
-0.078
-0.061
-0.043
-0.024
-0.003
0.018
0.041
0.063
0.084
0.105
0.124
0.142
0.161
0.178
0.194
0.209
0.221
0.232
0.241
0.248
0.253
0.257
0.259
0.261
0.264
0.269
0.275
0.282
0.289
0.296
0.303
0.309
0.312
0.313
0.311
0.308
0.3
0.296
0.288
0.279
0.269
0.259
0.251
0.243
0.234
0.227
0.227
0.224
0.202
0.171
0.151
0.142
0.149
0.156
0.127
0.083
0.066
0.065
0.06
0.054
0.039
0.018
0.004
-0.005
-0.014
-0.025
-0.045
-0.064
-0.057
-0.046
-0.069
-0.103
-0.103
-0.092
-0.097
-0.112
-0.119
-0.12
-0.136
-0.125
-0.168
-0.098
-0.112
-0.164
-0.163
-0.155
-0.157
-0.158
-0.155
-0.155
-0.16
-0.168
-0.129
-0.115
-0.108
-0.11
-0.105
-0.093
-0.086
-0.079
-0.075
-0.071
-0.06
-0.05
-0.056
-0.067
-0.064
-0.051
-0.031
-0.011
-0.014
-0.026
-0.02
-0.005
0.005
0.014
0.023
0.031
0.039
0.047
0.052
0.054
0.053
0.051
0.046
0.041
0.034
0.028
0.024
0.024
0.026
0.029
0.034
0.038
0.046
0.053
0.055
0.056
0.065
0.072
0.056
0.036
0.043
0.059
0.056
0.044
0.036
0.028
0.022
0.018
0.014
0.013
0.016
0.025
0.045
0.061
0.031
-0.01
-0.039
-0.057
-0.072
-0.078
-0.074
-0.064
-0.063
-0.056
-0.079
-0.058
-0.07
-0.081
-0.058
-0.038
-0.073
-0.126
-0.12
-0.121
-0.251
-0.382
-0.291
-0.111
-0.068
-0.087
-0.077
-0.067
-0.048
-0.017
-0.008
-0.01
0.002
0.013
0.006
-0.005
-0.008
-0.004
0.002
0.015
0.001
0.019
0.022
0.024
0.035
0.043
0.052
0.049
0.091
0.08
0.097
0.114
0.12
0.123
0.124
0.121
0.116
0.109
0.1
0.091
0.085
0.082
0.081
0.082
0.085
0.092
0.084
0.096
0.097
0.095
0.095
0.093
0.091
0.088
0.085
0.081
0.075
0.069
0.061
0.053
0.043
0.032
0.019
0.006
0.002
-0.004
-0.015
-0.044
0.007
-0.022
-0.077
-0.056
-0.044
-0.025
-0.045
-0.088
-0.102
-0.098
-0.08
-0.066
-0.103
-0.158
-0.162
-0.137
-0.107
-0.084
-0.101
-0.137
-0.139
-0.124
-0.115
-0.111
-0.114
-0.128
-0.109
-0.117
-0.113
-0.113
-0.1
-0.105
-0.098
-0.09
-0.086
-0.087
-0.065
-0.069
-0.061
-0.052
-0.045
-0.038
-0.042
-0.044
-0.02
0.011
0.012
0.003
0.012
0.029
0.042
0.054
0.063
0.069
0.075
0.081
0.086
0.09
0.094
0.098
0.102
0.108
0.114
0.121
0.128
0.135
0.142
0.148
0.153
0.157
0.159
0.16
0.16
0.159
0.158
0.155
0.152
0.149
0.145
0.14
0.135
0.128
0.122
0.116
0.11
0.106
0.103
0.1
0.098
0.096
0.095
0.092
0.087
0.079
0.07
0.058
0.045
0.031
0.016
0.003
-0.008
-0.015
-0.02
-0.023
-0.024
-0.025
-0.023
-0.022
-0.022
-0.022
-0.024
-0.027
-0.03
-0.032
-0.035
-0.039
-0.044
-0.051
-0.058
-0.065
-0.074
-0.084
-0.093
-0.102
-0.107
-0.109
-0.108
-0.105
-0.1
-0.093
-0.084
-0.075
-0.067
-0.061
-0.055
-0.051
-0.046
-0.04
-0.041
-0.034
-0.031
-0.028
-0.023
-0.019
-0.016
-0.013
-0.011
-0.009
-0.01
-0.007
-0.008
-0.009
-0.01
-0.012
-0.014
-0.016
-0.019
-0.022
-0.025
-0.028
-0.031
-0.034
-0.037
-0.041
-0.045
-0.048
-0.052
-0.057
-0.061
-0.065
-0.068
-0.071
-0.072
-0.071
-0.069
-0.065
-0.06
-0.054
-0.048
-0.041
-0.036
-0.033
-0.031
-0.031
-0.03
-0.031
-0.032
-0.036
-0.026
-0.028
-0.022
-0.014
-0.007
0
0.003
0.007
0.022
0.039
0.041
0.038
0.043
0.052
0.057
0.061
0.062
0.059
0.055
0.049
0.041
0.032
0.021
0.012
0.005
0.002
0.001
0.002
0.005
0.009
0.014
0.019
0.02
0.019
0.015
0.009
0.002
-0.005
-0.014
-0.022
-0.03
-0.036
-0.041
-0.045
-0.049
-0.053
-0.056
-0.058
-0.058
-0.056
-0.054
-0.05
-0.044
-0.037
-0.03
-0.024
-0.022
-0.024
-0.029
-0.037
-0.047
-0.059
-0.075
-0.09
-0.093
-0.09
-0.092
-0.094
-0.089
-0.08
-0.071
-0.061
-0.053
-0.048
-0.045
-0.042
-0.039
-0.035
-0.033
-0.031
-0.029
-0.029
-0.036
-0.043
-0.035
-0.025
-0.033
-0.047
-0.046
-0.039
-0.032
-0.03
-0.006
-0.008
0.005
0.018
0.026
0.032
0.036
0.038
0.04
0.041
0.041
0.04
0.041
0.043
0.045
0.049
0.052
0.055
0.057
0.062
0.067
0.081
0.067
0.09
0.095
0.099
0.108
0.115
0.119
0.122
0.123
0.122
0.12
0.116
0.112
0.108
0.105
0.103
0.103
0.103
0.104
0.104
0.106
0.108
0.11
0.113
0.116
0.12
0.124
0.128
0.132
0.135
0.136
0.136
0.134
0.13
0.123
0.114
0.103
0.094
0.088
0.088
0.089
0.091
0.091
0.088
0.084
0.079
0.076
0.072
0.069
0.064
0.059
0.053
0.047
0.04
0.033
0.025
0.018
0.009
0.001
-0.008
-0.016
-0.025
-0.033
-0.041
-0.049
-0.056
-0.063
-0.069
-0.075
-0.081
-0.088
-0.095
-0.102
-0.11
-0.117
-0.123
-0.131
-0.138
-0.144
-0.149
-0.16
-0.169
-0.167
-0.161
-0.17
-0.183
-0.186
-0.185
-0.185
-0.184
-0.185
-0.186
-0.187
-0.188
-0.19
-0.193
-0.196
-0.2
-0.204
-0.209
-0.214
-0.218
-0.219
-0.219
-0.216
-0.212
-0.206
-0.199
-0.191
-0.182
-0.173
-0.163
-0.153
-0.143
-0.132
-0.12
-0.109
-0.098
-0.089
-0.081
-0.074
-0.069
-0.065
-0.061
-0.058
-0.054
-0.049
-0.044
-0.028
-0.02
-0.01
0.003
0.024
0.05
0.038
0.052
0.076
0.104
0.103
0.092
0.11
0.137
0.141
0.138
0.17
0.189
0.14
0.164
0.184
0.215
0.184
0.173
0.191
0.219
0.211
0.186
0.213
0.224
0.215
0.199
0.202
0.215
0.214
0.208
0.204
0.199
0.195
0.192
0.188
0.183
0.178
0.172
0.166
0.159
0.152
0.143
0.135
0.126
0.116
0.106
0.097
0.087
0.077
0.067
0.058
0.049
0.041
0.033
0.026
0.019
0.011
0.002
-0.007
-0.015
-0.022
-0.027
-0.031
-0.035
-0.038
-0.042
-0.047
-0.048
-0.039
-0.018
0.027
0.062
0.027
-0.04
-0.068
-0.076
-0.093
-0.101
-0.091
-0.078
-0.078
-0.086
-0.092
-0.096
-0.098
-0.097
-0.096
-0.094
-0.091
-0.088
-0.084
-0.08
-0.076
-0.074
-0.072
-0.07
-0.066
-0.062
-0.056
-0.051
-0.045
-0.04
-0.034
-0.028
-0.022
-0.015
-0.007
0
0.008
0.012
0.028
0.026
0.029
0.028
0.022
0.015
0.005
-0.005
-0.017
-0.029
-0.034
-0.035
-0.041
-0.042
-0.022
0.003
0.009
0.006
0.012
0.02
0.023
0.023
0.02
0.015
0.019
0.022
0.001
-0.024
-0.024
-0.015
-0.023
-0.037
-0.048
-0.059
-0.064
-0.066
-0.077
-0.084
-0.069
-0.048
-0.05
-0.061
-0.06
-0.055
-0.055
-0.057
-0.06
-0.066
-0.072
-0.077
-0.081
-0.083
-0.084
-0.084
-0.084
-0.083
-0.081
-0.079
-0.075
-0.07
-0.065
-0.058
-0.05
-0.04
-0.032
-0.022
-0.016
-0.011
-0.008
-0.006
-0.006
-0.006
-0.008
-0.009
-0.009
-0.007
-0.003
0.001
0.005
0.003
0.024
0.017
0.025
0.034
0.039
0.044
0.051
0.057
0.064
0.07
0.075
0.078
0.081
0.083
0.084
0.084
0.083
0.082
0.081
0.08
0.079
0.078
0.077
0.075
0.074
0.072
0.071
0.069
0.068
0.067
0.066
0.065
0.063
0.061
0.056
0.049
0.041
0.031
0.02
0.008
-0.005
-0.017
-0.026
-0.033
-0.037
-0.04
-0.04
-0.04
-0.039
-0.038
-0.038
-0.041
-0.044
-0.049
-0.054
-0.059
-0.065
-0.071
-0.076
-0.081
-0.085
-0.089
-0.092
-0.095
-0.1
-0.102
-0.101
-0.089
-0.118
-0.101
-0.089
-0.075
-0.074
-0.081
-0.074
-0.063
-0.061
-0.063
-0.064
-0.064
-0.065
-0.064
-0.063
-0.06
-0.052
-0.043
-0.04
-0.037
-0.027
-0.013
-0.005
0.001
0.007
0.013
0.02
0.027
0.033
0.038
0.041
0.042
0.045
0.044
0.041
0.026
0.05
0.026
0.031
0.041
0.046
0.056
0.067
0.08
0.094
0.106
0.114
0.118
0.121
0.12
0.111
0.098
0.09
0.087
0.081
0.075
0.074
0.073
0.072
0.07
0.068
0.067
0.069
0.072
0.076
0.08
0.08
0.077
0.072
0.066
0.059
0.052
0.044
0.035
0.024
0.012
-0.002
-0.014
-0.022
-0.028
-0.038
-0.045
-0.035
-0.019
-0.02
-0.028
-0.028
-0.026
-0.029
-0.033
-0.039
-0.047
-0.055
-0.063
-0.069
-0.074
-0.078
-0.08
-0.083
-0.085
-0.086
-0.087
-0.086
-0.085
-0.082
-0.078
-0.074
-0.068
-0.063
-0.058
-0.054
-0.051
-0.052
-0.054
-0.055
-0.06
-0.076
-0.091
-0.078
-0.058
-0.068
-0.089
-0.09
-0.083
-0.08
-0.076
-0.076
-0.078
-0.078
-0.077
-0.077
-0.075
-0.068
-0.062
-0.07
-0.082
-0.086
-0.08
-0.075
-0.058
-0.089
-0.113
-0.117
-0.045
-0.038
-0.137
-0.098
-0.029
-0.035
-0.043
-0.073
-0.028
-0.023
-0.02
-0.011
-0.009
-0.008
-0.006
-0
0.008
0.012
0.011
-0
-0.014
-0.011
-0.002
-0.001
-0.004
-0.002
0.002
0.007
0.015
0.023
0.031
0.037
0.041
0.046
0.049
0.051
0.052
0.061
0.068
0.055
0.039
0.05
0.066
0.043
0.013
0.025
0.048
0.025
-0.007
0.004
0.03
0.037
0.038
0.044
0.049
0.053
0.057
0.057
0.054
0.049
0.044
0.043
0.04
0.028
0.014
0.014
0.018
0.015
0.008
0.003
-0.001
-0.004
-0.005
-0.007
-0.008
-0.008
-0.007
-0.006
-0.005
-0.006
-0.008
-0.011
-0.015
-0.019
-0.024
-0.029
-0.034
-0.039
-0.044
-0.047
-0.051
-0.054
-0.058
-0.061
-0.063
-0.063
-0.062
-0.06
-0.056
-0.051
-0.045
-0.039
-0.034
-0.03
-0.029
-0.03
-0.034
-0.038
-0.043
-0.059
-0.072
-0.062
-0.044
-0.047
-0.057
-0.051
-0.038
-0.025
-0.014
-0.007
-0.014
0.016
-0.002
0.004
0.011
0.011
0.011
0.012
0.013
0.013
0.014
0.013
0.012
0.011
0.01
0.012
0.015
0.02
0.026
0.033
0.042
0.05
0.059
0.065
0.069
0.071
0.072
0.072
0.071
0.069
0.067
0.066
0.067
0.068
0.069
0.071
0.072
0.072
0.074
0.08
0.088
0.091
0.094
0.105
0.11
0.083
0.059
0.107
0.169
0.141
0.078
0.065
0.076
0.087
0.097
0.071
0.035
0.047
0.076
0.07
0.051
0.053
0.06
0.055
0.054
0.084
0.108
0.066
0.004
0.027
0.064
0.115
0.053
0.014
-0.044
0.044
0.044
0.023
-0.024
-0.039
-0.03
-0.03
-0.029
-0.031
-0.038
-0.039
-0.039
-0.04
-0.042
-0.043
-0.046
-0.049
-0.052
-0.056
-0.059
-0.064
-0.068
-0.066
-0.067
-0.084
-0.107
-0.12
-0.122
-0.113
-0.102
-0.111
-0.129
-0.13
-0.122
-0.118
-0.115
-0.115
-0.118
-0.121
-0.124
-0.129
-0.134
-0.139
-0.143
-0.145
-0.145
-0.144
-0.14
-0.136
-0.131
-0.125
-0.118
-0.111
-0.105
-0.099
-0.094
-0.087
-0.081
-0.075
-0.069
-0.065
-0.061
-0.059
-0.057
-0.057
-0.057
-0.057
-0.057
-0.053
-0.047
-0.038
-0.027
-0.015
-0.002
0.013
0.027
0.038
0.048
0.056
0.063
0.066
0.068
0.072
0.077
0.081
0.085
0.091
0.097
0.103
0.11
0.116
0.123
0.128
0.134
0.139
0.146
0.15
0.156
0.168
0.179
0.173
0.163
0.169
0.181
0.181
0.176
0.172
0.167
0.163
0.161
0.157
0.152
0.147
0.141
0.135
0.129
0.124
0.119
0.115
0.111
0.108
0.105
0.103
0.101
0.094
0.085
0.078
0.071
0.061
0.05
0.039
0.028
0.019
0.011
0.004
-0.002
-0.007
-0.012
-0.016
-0.02
-0.025
-0.03
-0.036
-0.042
-0.048
-0.053
-0.058
-0.063
-0.068
-0.073
-0.077
-0.079
-0.083
-0.085
-0.079
-0.073
-0.084
-0.097
-0.088
-0.07
-0.063
-0.061
-0.056
-0.052
-0.047
-0.044
-0.046
-0.05
-0.047
-0.044
-0.05
-0.059
-0.061
-0.061
-0.06
-0.058
-0.056
-0.055
-0.053
-0.049
-0.045
-0.039
-0.033
-0.026
-0.018
-0.01
-0.001
0.007
0.011
0.013
0.014
0.012
0.007
0.002
-0.003
-0.001
-0.023
-0.008
-0.008
-0.008
-0.002
0.004
0.01
0.017
0.022
0.027
0.03
0.033
0.036
0.038
0.039
0.039
0.038
0.036
0.032
0.026
0.019
0.009
-0.003
-0.013
-0.017
-0.017
-0.018
-0.016
-0.009
-0.002
-0.003
-0.008
-0.009
-0.008
-0.009
-0.012
-0.017
-0.03
-0.018
-0.037
-0.039
-0.039
-0.042
-0.042
-0.041
-0.04
-0.037
-0.034
-0.032
-0.03
-0.029
-0.027
-0.024
-0.019
-0.014
-0.009
-0.006
-0.005
-0.005
-0.007
-0.009
-0.011
-0.014
-0.016
-0.017
-0.015
-0.012
-0.007
-0.001
0.009
0.007
0.021
0.026
0.029
0.033
0.036
0.038
0.04
0.041
0.041
0.043
0.045
0.045
0.044
0.046
0.044
0.029
0.015
0.035
0.064
0.056
0.035
0.038
0.05
0.058
0.065
0.066
0.063
0.06
0.055
0.049
0.042
0.035
0.027
0.02
0.016
0.012
0.01
0.008
0.006
0.005
0.005
0.006
0.008
0.01
0.012
0.016
0.021
0.025
0.028
0.027
0.023
0.016
0.007
-0.005
-0.018
-0.033
-0.046
-0.056
-0.062
-0.064
-0.063
-0.061
-0.057
-0.052
-0.047
-0.043
-0.042
-0.043
-0.045
-0.047
-0.05
-0.058
-0.064
-0.06
-0.053
-0.055
-0.061
-0.06
-0.056
-0.053
-0.049
-0.046
-0.043
-0.04
-0.036
-0.031
-0.027
-0.022
-0.017
-0.012
-0.008
-0.004
-0.001
0.002
0.005
0.007
0.009
0.011
0.012
0.014
0.015
0.016
0.017
0.018
0.019
0.021
0.024
0.027
0.031
0.036
0.041
0.047
0.052
0.055
0.057
0.058
0.056
0.057
0.054
0.051
0.049
0.048
0.048
0.05
0.052
0.055
0.058
0.062
0.065
0.067
0.069
0.066
0.063
0.066
0.07
0.068
0.065
0.05
0.05
0.056
0.061
0.037
0.013
0.052
0.096
0.034
-0.051
-0.015
0.058
0.028
-0.027
-0.019
0.032
-0.049
-0.015
-0.017
-0.018
-0.009
-0.007
-0.004
-0.002
-0.001
-0.002
-0.005
-0.01
-0.016
-0.024
-0.033
-0.04
-0.045
-0.046
-0.046
-0.043
-0.04
-0.037
-0.032
-0.026
-0.025
-0.025
-0.02
-0.016
-0.031
-0.049
-0.047
-0.038
-0.042
-0.052
-0.059
-0.066
-0.07
-0.072
-0.073
-0.073
-0.073
-0.071
-0.068
-0.063
-0.057
-0.049
-0.035
-0.023
-0.026
-0.035
-0.032
-0.026
-0.031
-0.04
-0.049
-0.057
-0.062
-0.062
-0.061
-0.059
-0.055
-0.052
-0.046
-0.04
-0.036
-0.031
-0.023
-0.016
-0.018
-0.021
-0.014
-0.003
-0.001
-0.004
-0.007
-0.01
-0.014
-0.018
-0.024
-0.028
-0.028
-0.027
-0.024
-0.024
0
0.001
0.015
0.03
0.035
0.045
0.016
0.028
0.022
0.016
0.017
0.017
0.016
0.014
0.013
0.012
0.012
0.013
0.014
0.015
0.016
0.018
0.02
0.022
0.024
0.026
0.027
0.027
0.03
0.032
0.029
0.024
0.02
0.017
0.013
0.008
0.004
-0
-0.004
-0.007
-0.011
-0.014
-0.016
-0.018
-0.018
-0.017
-0.015
-0.012
-0.007
-0.001
0.004
0.009
0.011
0.01
0.006
0
-0.007
-0.016
-0.026
-0.035
-0.04
-0.041
-0.039
-0.034
-0.028
-0.021
-0.012
-0.004
-0.001
-0
-0.002
-0.006
-0.015
-0.024
-0.031
-0.036
-0.05
-0.06
-0.041
-0.022
-0.052
-0.094
-0.079
-0.043
-0.039
-0.047
-0.047
-0.046
-0.04
-0.03
-0.021
-0.015
-0.009
-0.005
-0.002
-0.001
-0
-0
-0.001
-0.002
-0.003
-0.002
-0
0.002
0.004
0.006
0.008
0.011
0.014
0.017
0.02
0.023
0.028
0.032
0.036
0.034
0.049
0.039
0.04
0.04
0.036
0.033
0.029
0.026
0.026
0.029
0.034
0.041
0.05
0.059
0.069
0.079
0.085
0.088
0.088
0.086
0.082
0.077
0.071
0.065
0.059
0.054
0.051
0.048
0.045
0.042
0.039
0.037
0.037
0.037
0.038
0.04
0.044
0.048
0.052
0.055
0.056
0.055
0.051
0.045
0.039
0.031
0.019
0.011
0.004
0.011
-0.023
-0.002
-0.009
-0.017
-0.016
-0.017
-0.018
-0.017
-0.016
-0.016
-0.015
-0.015
-0.016
-0.017
-0.014
-0.013
-0.013
-0.025
-0.002
-0.033
-0.041
-0.047
-0.057
-0.064
-0.068
-0.072
-0.077
-0.081
-0.085
-0.088
-0.091
-0.092
-0.094
-0.095
-0.095
-0.093
-0.092
-0.09
-0.09
-0.091
-0.092
-0.094
-0.097
-0.1
-0.103
-0.105
-0.107
-0.109
-0.107
-0.103
-0.1
-0.097
-0.093
-0.089
-0.086
-0.084
-0.082
-0.081
-0.08
-0.078
-0.078
-0.077
-0.075
-0.074
-0.072
-0.069
-0.069
-0.067
-0.064
-0.046
-0.075
-0.043
-0.04
-0.039
-0.027
-0.018
-0.009
0
0.007
0.011
0.014
0.016
0.016
0.015
0.015
0.014
0.016
0.016
0.034
0.034
0.045
0.058
0.068
0.079
0.088
0.095
0.099
0.102
0.105
0.106
0.106
0.106
0.106
0.107
0.108
0.108
0.108
0.108
0.107
0.106
0.107
0.109
0.11
0.11
0.113
0.114
0.103
0.093
0.112
0.133
0.121
0.085
0.103
0.083
0.081
0.089
0.063
0.078
0.069
0.057
0.06
0.057
0.01
-0.025
0.017
0.108
0.058
-0.034
-0.02
0.029
0.025
0.006
0.003
0
-0.005
-0.009
-0.012
-0.017
-0.025
-0.034
-0.039
-0.043
-0.054
-0.063
-0.056
-0.047
-0.054
-0.068
-0.069
-0.065
-0.062
-0.059
-0.056
-0.053
-0.049
-0.045
