0.007
0.007
0.005
0.001
-0.003
-0.008
-0.014
-0.019
-0.023
-0.026
-0.027
-0.028
-0.027
-0.027
-0.026
-0.025
-0.025
-0.025
-0.026
-0.027
-0.029
-0.030
-0.031
-0.033
-0.034
-0.035
-0.036
-0.037
-0.038
-0.039
-0.039
-0.040
-0.040
-0.040
-0.040
-0.040
-0.039
-0.038
-0.037
-0.037
-0.036
-0.036
-0.036
-0.036
-0.036
-0.036
-0.037
-0.037
-0.037
-0.038
-0.038
-0.038
-0.038
-0.038
-0.037
-0.037
-0.036
-0.034
-0.028
-0.025
-0.025
-0.034
-0.003
-0.013
-0.025
-0.009
0.011
0.032
-0.004
-0.037
0.002
0.056
0.025
-0.036
0.016
0.088
0.030
-0.049
0.034
0.147
0.068
-0.056
0.009
0.134
0.095
0.038
0.065
0.120
0.088
0.080
0.096
0.120
0.117
0.104
0.111
0.124
0.128
0.130
0.133
0.135
0.139
0.143
0.147
0.150
0.154
0.157
0.159
0.162
0.165
0.168
0.170
0.171
0.172
0.172
0.167
0.161
0.165
0.169
0.162
0.149
0.143
0.140
0.134
0.128
0.120
0.111
0.102
0.092
0.083
0.072
0.061
0.041
0.046
0.019
0.008
-0.002
-0.017
-0.029
-0.042
-0.054
-0.065
-0.077
-0.089
-0.101
-0.113
-0.126
-0.140
-0.155
-0.169
-0.184
-0.198
-0.212
-0.226
-0.238
-0.250
-0.261
-0.272
-0.281
-0.290
-0.298
-0.305
-0.312
-0.318
-0.323
-0.326
-0.327
-0.329
-0.331
-0.330
-0.327
-0.324
-0.319
-0.314
-0.307
-0.300
-0.291
-0.282
-0.273
-0.263
-0.253
-0.241
-0.228
-0.216
-0.203
-0.190
-0.175
-0.159
-0.142
-0.125
-0.108
-0.090
-0.072
-0.051
-0.032
-0.012
0.001
0.039
0.046
0.068
0.092
0.111
0.129
0.147
0.164
0.181
0.196
0.211
0.225
0.238
0.251
0.263
0.275
0.285
0.295
0.304
0.313
0.321
0.328
0.334
0.339
0.344
0.349
0.352
0.354
0.355
0.355
0.354
0.351
0.348
0.344
0.338
0.331
0.324
0.316
0.307
0.297
0.286
0.275
0.263
0.249
0.235
0.219
0.203
0.186
0.168
0.149
0.130
0.111
0.093
0.075
0.058
0.041
0.025
0.009
-0.006
-0.021
-0.036
-0.051
-0.066
-0.080
-0.093
-0.106
-0.118
-0.131
-0.142
-0.154
-0.173
-0.190
-0.189
-0.183
-0.196
-0.218
-0.227
-0.231
-0.233
-0.233
-0.235
-0.239
-0.240
-0.239
-0.238
-0.236
-0.233
-0.229
-0.225
-0.219
-0.214
-0.208
-0.201
-0.194
-0.187
-0.180
-0.172
-0.165
-0.157
-0.148
-0.139
-0.129
-0.119
-0.109
-0.098
-0.087
-0.076
-0.064
-0.053
-0.043
-0.033
-0.023
-0.013
-0.004
0.005
0.013
0.021
0.028
0.035
0.041
0.046
0.051
0.055
0.059
0.062
0.065
0.067
0.069
0.070
0.071
0.071
0.071
0.070
0.069
0.067
0.065
0.062
0.059
0.056
0.053
0.049
0.045
0.041
0.037
0.032
0.028
0.024
0.019
0.013
0.007
-0.000
-0.008
-0.014
-0.020
-0.028
-0.037
-0.043
-0.049
-0.054
-0.058
-0.062
-0.065
-0.068
-0.070
-0.072
-0.074
-0.075
-0.076
-0.077
-0.076
-0.076
-0.075
-0.073
-0.071
-0.068
-0.064
-0.060
-0.056
-0.051
-0.046
-0.040
-0.035
-0.029
-0.024
-0.018
-0.012
-0.006
0.001
0.007
0.014
0.021
0.028
0.034
0.041
0.049
0.056
0.063
0.071
0.078
0.086
0.094
0.102
0.109
0.116
0.123
0.130
0.134
0.140
0.145
0.154
0.145
0.157
0.157
0.156
0.156
0.155
0.152
0.149
0.145
0.140
0.135
0.130
0.124
0.118
0.112
0.106
0.098
0.091
0.082
0.073
0.064
0.053
0.041
0.029
0.016
0.003
-0.009
-0.020
-0.026
-0.034
-0.054
-0.081
-0.105
-0.119
-0.105
-0.087
-0.119
-0.168
-0.170
-0.152
-0.152
-0.164
-0.175
-0.190
-0.202
-0.207
-0.193
-0.181
-0.213
-0.253
-0.234
-0.194
-0.208
-0.234
-0.248
-0.225
-0.224
-0.202
-0.243
-0.187
-0.224
-0.244
-0.227
-0.111
-0.155
-0.230
-0.214
-0.107
-0.116
-0.155
-0.145
-0.127
-0.119
-0.108
-0.091
-0.075
-0.065
-0.057
-0.043
-0.025
-0.005
0.014
0.024
0.031
0.047
0.066
0.075
0.082
0.092
0.101
0.112
0.118
0.137
0.134
0.143
0.153
0.159
0.165
0.172
0.177
0.183
0.188
0.194
0.199
0.197
0.208
0.207
0.205
0.207
0.208
0.203
0.197
0.194
0.192
0.185
0.181
0.175
0.169
0.163
0.157
0.150
0.143
0.134
0.125
0.115
0.105
0.094
0.083
0.074
0.065
0.051
0.035
0.027
0.021
0.012
0.001
-0.009
-0.019
-0.028
-0.037
-0.046
-0.055
-0.063
-0.072
-0.080
-0.087
-0.094
-0.100
-0.106
-0.111
-0.115
-0.120
-0.123
-0.126
-0.128
-0.129
-0.130
-0.129
-0.128
-0.127
-0.125
-0.123
-0.121
-0.120
-0.118
-0.117
-0.117
-0.116
-0.115
-0.113
-0.110
-0.106
-0.100
-0.093
-0.085
-0.076
-0.067
-0.058
-0.051
-0.044
-0.039
-0.035
-0.031
-0.028
-0.026
-0.023
-0.019
-0.014
-0.008
-0.001
0.006
0.013
0.020
0.027
0.033
0.037
0.041
0.044
0.046
0.048
0.049
0.050
0.050
0.050
0.049
0.048
0.047
0.045
0.042
0.039
0.035
0.032
0.027
0.021
0.015
0.007
-0.002
-0.019
-0.014
-0.005
-0.009
-0.022
-0.034
-0.045
0.013
0.032
-0.010
-0.073
-0.057
-0.009
-0.007
-0.029
-0.044
-0.060
-0.069
-0.061
-0.021
0.009
-0.028
-0.109
-0.089
-0.038
0.026
0.009
-0.018
-0.057
-0.041
0.005
0.013
0.000
-0.015
-0.029
-0.013
0.017
0.025
0.020
0.010
0.003
0.021
0.047
0.040
0.018
0.016
0.021
0.020
0.019
0.017
0.013
0.006
0.002
0.004
0.009
0.004
-0.005
-0.009
-0.011
-0.015
-0.020
-0.026
-0.032
-0.038
-0.044
-0.049
-0.055
-0.061
-0.071
-0.065
-0.080
-0.083
-0.085
-0.089
-0.090
-0.091
-0.091
-0.090
-0.088
-0.089
-0.090
-0.081
-0.070
-0.070
-0.074
-0.071
-0.065
-0.061
-0.057
-0.055
-0.054
-0.053
-0.053
-0.054
-0.055
-0.056
-0.057
-0.057
-0.057
-0.054
-0.050
-0.046
-0.041
-0.036
-0.030
-0.024
-0.018
-0.012
-0.006
-0.000
0.006
0.013
0.019
0.026
0.032
0.038
0.044
0.050
0.056
0.061
0.066
0.070
0.075
0.078
0.082
0.085
0.088
0.091
0.093
0.096
0.099
0.102
0.105
0.108
0.112
0.115
0.118
0.121
0.124
0.126
0.128
0.130
0.132
0.134
0.135
0.139
0.141
0.144
0.138
0.162
0.146
0.152
0.159
0.159
0.160
0.160
0.159
0.158
0.157
0.154
0.152
0.149
0.146
0.143
0.139
0.136
0.131
0.127
0.122
0.116
0.110
0.103
0.096
0.089
0.081
0.073
0.064
0.056
0.047
0.039
0.030
0.021
0.013
0.004
-0.006
-0.015
-0.024
-0.034
-0.043
-0.053
-0.062
-0.072
-0.082
-0.094
-0.105
-0.118
-0.130
-0.144
-0.157
-0.171
-0.184
-0.196
-0.206
-0.215
-0.223
-0.231
-0.237
-0.243
-0.249
-0.255
-0.262
-0.270
-0.278
-0.285
-0.293
-0.300
-0.306
-0.311
-0.314
-0.316
-0.316
-0.315
-0.312
-0.309
-0.305
-0.300
-0.294
-0.287
-0.279
-0.271
-0.261
-0.251
-0.241
-0.230
-0.219
-0.208
-0.197
-0.186
-0.175
-0.163
-0.151
-0.138
-0.123
-0.107
-0.091
-0.074
-0.056
-0.037
-0.019
-0.001
0.017
0.035
0.052
0.069
0.086
0.102
0.119
0.135
0.151
0.167
0.182
0.197
0.212
0.226
0.239
0.252
0.263
0.274
0.284
0.293
0.301
0.309
0.315
0.321
0.326
0.331
0.334
0.337
0.333
0.346
0.337
0.337
0.338
0.335
0.331
0.327
0.323
0.317
0.310
0.302
0.293
0.283
0.272
0.260
0.246
0.233
0.219
0.204
0.190
0.177
0.163
0.149
0.135
0.121
0.107
0.092
0.077
0.061
0.045
0.029
0.014
-0.002
-0.018
-0.033
-0.047
-0.061
-0.074
-0.087
-0.099
-0.111
-0.122
-0.133
-0.143
-0.152
-0.155
-0.177
-0.174
-0.182
-0.190
-0.194
-0.197
-0.199
-0.199
-0.203
-0.199
-0.198
-0.197
-0.195
-0.193
-0.192
-0.190
-0.189
-0.187
-0.185
-0.182
-0.178
-0.173
-0.166
-0.159
-0.151
-0.142
-0.133
-0.123
-0.114
-0.104
-0.096
-0.088
-0.079
-0.071
-0.067
-0.062
-0.048
-0.033
-0.027
-0.026
-0.019
-0.009
0.001
0.010
0.016
0.020
0.028
0.037
0.043
0.049
0.054
0.059
0.064
0.067
0.070
0.072
0.073
0.073
0.074
0.068
0.082
0.061
0.067
0.075
0.066
0.054
0.054
0.058
0.053
0.046
0.042
0.038
0.034
0.030
0.025
0.021
0.017
0.013
0.009
0.006
0.002
-0.001
-0.004
-0.007
-0.011
-0.015
-0.020
-0.026
-0.031
-0.037
-0.047
-0.055
-0.055
-0.051
-0.057
-0.066
-0.067
-0.066
-0.066
-0.065
-0.064
-0.064
-0.063
-0.062
-0.060
-0.057
-0.055
-0.052
-0.049
-0.047
-0.044
-0.042
-0.039
-0.037
-0.034
-0.031
-0.027
-0.023
-0.017
-0.011
-0.005
0.002
0.012
0.021
0.024
0.025
0.032
0.042
0.047
0.050
0.054
0.057
0.062
0.067
0.071
0.076
0.080
0.085
0.089
0.092
0.095
0.098
0.100
0.102
0.103
0.104
0.104
0.104
0.102
0.100
0.097
0.094
0.089
0.084
0.079
0.072
0.065
0.058
0.051
0.043
0.035
0.026
0.017
0.009
0.001
-0.006
-0.016
-0.020
-0.027
-0.034
-0.040
-0.045
-0.051
-0.055
-0.060
-0.062
-0.071
-0.070
-0.075
-0.079
-0.081
-0.084
-0.088
-0.093
-0.094
-0.096
-0.110
-0.122
-0.111
-0.095
-0.111
-0.138
-0.134
-0.118
-0.078
-0.071
-0.113
-0.167
-0.139
-0.077
-0.074
-0.094
-0.093
-0.091
-0.096
-0.093
-0.027
0.007
-0.048
-0.121
-0.059
0.044
0.039
-0.026
-0.032
-0.013
0.023
0.065
0.053
0.016
0.014
0.033
0.061
0.089
0.078
0.053
0.066
0.097
0.114
0.123
0.118
0.106
0.119
0.140
0.141
0.135
0.138
0.143
0.146
0.148
0.149
0.148
0.144
0.140
0.143
0.148
0.143
0.136
0.133
0.131
0.129
0.125
0.121
0.116
0.110
0.104
0.098
0.091
0.080
0.069
0.066
0.065
0.053
0.038
0.028
0.021
0.012
0.003
-0.006
-0.016
-0.025
-0.034
-0.043
-0.051
-0.059
-0.066
-0.072
-0.077
-0.080
-0.082
-0.084
-0.084
-0.078
-0.072
-0.081
-0.093
-0.090
-0.085
-0.087
-0.094
-0.099
-0.107
-0.102
-0.109
-0.108
-0.106
-0.105
-0.103
-0.101
-0.099
-0.097
-0.095
-0.094
-0.093
-0.092
-0.091
-0.090
-0.088
-0.086
-0.082
-0.079
-0.074
-0.068
-0.061
-0.055
-0.051
-0.046
-0.041
-0.036
-0.033
-0.030
-0.027
-0.025
-0.023
-0.021
-0.018
-0.016
-0.014
-0.012
-0.011
-0.010
-0.009
-0.008
-0.008
-0.008
-0.008
-0.009
-0.010
-0.011
-0.012
-0.015
-0.019
-0.020
-0.023
-0.031
-0.040
-0.044
-0.045
-0.049
-0.053
-0.055
-0.057
-0.058
-0.057
-0.056
-0.055
-0.053
-0.051
-0.049
-0.047
-0.044
-0.040
-0.036
-0.032
-0.027
-0.023
-0.018
-0.013
-0.007
-0.002
0.003
0.001
0.026
0.018
0.027
0.037
0.044
0.053
0.060
0.066
0.070
0.073
0.074
0.073
0.071
0.068
0.063
0.058
0.054
0.049
0.045
0.042
0.038
0.034
0.030
0.026
0.022
0.018
0.014
0.010
0.006
0.003
0.000
-0.003
-0.006
-0.009
-0.012
-0.015
-0.018
-0.021
-0.024
-0.027
-0.029
-0.031
-0.033
-0.035
-0.037
-0.040
-0.041
-0.042
-0.044
-0.044
-0.042
-0.039
-0.043
-0.047
-0.044
-0.038
-0.037
-0.038
-0.038
-0.038
-0.038
-0.037
-0.036
-0.036
-0.034
-0.032
-0.030
-0.027
-0.023
-0.019
-0.015
-0.011
-0.007
-0.005
-0.002
0.000
0.002
0.004
0.005
0.007
0.009
0.012
0.015
0.019
0.022
0.026
0.029
0.033
0.037
0.042
0.046
0.050
0.054
0.059
0.063
0.067
0.070
0.072
0.074
0.075
0.076
0.076
0.075
0.075
0.076
0.079
0.081
0.085
0.089
0.093
0.098
0.102
0.105
0.107
0.108
0.108
0.107
0.106
0.104
0.103
0.101
0.099
0.100
0.101
0.095
0.088
0.087
0.090
0.088
0.085
0.084
0.083
0.080
0.078
0.077
0.076
0.075
0.073
0.069
0.062
0.057
0.052
0.046
0.041
0.036
0.031
0.027
0.024
0.021
0.018
0.015
0.012
0.007
0.002
-0.004
-0.010
-0.017
-0.025
-0.032
-0.040
-0.047
-0.054
-0.060
-0.065
-0.071
-0.076
-0.081
-0.086
-0.091
-0.096
-0.101
-0.105
-0.110
-0.114
-0.119
-0.123
-0.128
-0.134
-0.140
-0.146
-0.153
-0.160
-0.166
-0.172
-0.177
-0.180
-0.182
-0.182
-0.182
-0.180
-0.178
-0.176
-0.175
-0.174
-0.175
-0.175
-0.176
-0.177
-0.177
-0.178
-0.177
-0.176
-0.173
-0.170
-0.167
-0.163
-0.159
-0.153
-0.148
-0.142
-0.135
-0.128
-0.120
-0.111
-0.102
-0.093
-0.084
-0.076
-0.067
-0.059
-0.050
-0.042
-0.034
-0.025
-0.016
-0.005
0.006
0.017
0.028
0.039
0.050
0.062
0.073
0.084
0.095
0.104
0.111
0.113
0.110
0.107
0.137
0.149
0.193
0.120
0.142
0.192
0.203
0.226
0.161
0.195
0.220
0.257
0.207
0.188
0.225
0.291
0.190
0.154
0.280
0.298
0.179
0.144
0.225
0.296
0.179
0.172
0.188
0.201
0.191
0.193
0.192
0.189
0.160
0.149
0.147
0.151
0.144
0.128
0.116
0.104
0.093
0.085
0.076
0.066
0.057
0.048
0.040
0.031
0.022
0.012
0.002
-0.008
-0.019
-0.029
-0.039
-0.050
-0.059
-0.068
-0.077
-0.085
-0.093
-0.101
-0.108
-0.114
-0.120
-0.125
-0.129
-0.133
-0.136
-0.138
-0.139
-0.140
-0.141
-0.141
-0.141
-0.141
-0.141
-0.140
-0.139
-0.137
-0.135
-0.133
-0.130
-0.127
-0.123
-0.120
-0.116
-0.112
-0.107
-0.102
-0.097
-0.092
-0.086
-0.081
-0.075
-0.069
-0.063
-0.057
-0.052
-0.046
-0.040
-0.034
-0.029
-0.023
-0.018
-0.013
-0.009
-0.004
-0.000
0.004
0.007
0.011
0.014
0.018
0.022
0.026
0.029
0.033
0.036
0.039
0.040
0.040
0.040
0.038
0.036
0.033
0.029
0.026
0.023
0.021
0.019
0.018
0.017
0.016
0.015
0.013
0.011
0.007
0.002
-0.004
-0.011
-0.018
-0.025
-0.032
-0.037
-0.041
-0.044
-0.046
-0.047
-0.048
-0.047
-0.047
-0.048
-0.049
-0.050
-0.052
-0.055
-0.057
-0.058
-0.060
-0.061
-0.068
-0.054
-0.066
-0.064
-0.061
-0.061
-0.060
-0.058
-0.055
-0.051
-0.047
-0.042
-0.037
-0.031
-0.025
-0.020
-0.015
-0.010
-0.005
-0.001
0.002
0.006
0.010
0.014
0.019
0.026
0.033
0.035
0.036
0.044
0.053
0.057
0.060
0.064
0.069
0.067
0.074
0.075
0.076
0.079
0.081
0.082
0.083
0.085
0.085
0.086
0.086
0.085
0.083
0.081
0.077
0.074
0.069
0.065
0.060
0.056
0.052
0.050
0.046
0.043
0.037
0.044
0.033
0.029
0.026
0.018
0.011
0.003
-0.005
-0.013
-0.022
-0.029
-0.034
-0.039
-0.042
-0.045
-0.047
-0.049
-0.051
-0.054
-0.057
-0.063
-0.068
-0.072
-0.075
-0.081
-0.087
-0.092
-0.094
-0.097
-0.099
-0.100
-0.101
-0.102
-0.102
-0.101
-0.099
-0.098
-0.095
-0.091
-0.086
-0.081
-0.076
-0.071
-0.065
-0.059
-0.053
-0.047
-0.041
-0.035
-0.029
-0.023
-0.016
-0.015
-0.008
-0.004
0.000
0.003
0.008
0.012
0.016
0.020
0.025
0.030
0.034
0.039
0.044
0.049
0.054
0.060
0.065
0.070
0.075
0.080
0.084
0.088
0.090
0.091
0.085
0.101
0.087
0.087
0.089
0.086
0.086
0.085
0.085
0.085
0.085
0.084
0.082
0.084
0.079
0.076
0.072
0.067
0.062
0.057
0.052
0.047
0.042
0.037
0.033
0.029
0.024
0.020
0.016
0.011
0.005
-0.002
-0.009
-0.016
-0.023
-0.029
-0.034
-0.042
-0.048
-0.050
-0.050
-0.051
-0.052
-0.050
-0.049
-0.054
-0.062
-0.064
-0.065
-0.070
-0.078
-0.084
-0.091
-0.095
-0.097
-0.099
-0.099
-0.099
-0.098
-0.098
-0.096
-0.094
-0.090
-0.089
-0.088
-0.086
-0.084
-0.080
-0.078
-0.076
-0.075
-0.073
-0.073
-0.073
-0.073
-0.072
-0.070
-0.071
-0.071
-0.066
-0.058
-0.053
-0.050
-0.044
-0.039
-0.038
-0.037
-0.029
-0.023
-0.039
-0.061
-0.059
-0.046
-0.041
-0.048
-0.065
-0.103
-0.017
-0.035
-0.035
-0.045
-0.039
-0.023
-0.044
-0.064
-0.013
0.042
-0.021
-0.104
-0.031
0.080
0.021
-0.083
-0.038
0.053
0.039
-0.008
-0.006
0.012
0.014
0.027
0.032
0.033
0.036
0.039
0.042
0.045
0.047
0.049
0.050
0.051
0.051
0.051
0.052
0.054
0.056
0.058
0.061
0.063
0.066
0.068
0.070
0.070
0.070
0.069
0.067
0.065
0.065
0.066
0.059
0.051
0.058
0.067
0.056
0.042
0.055
0.073
0.058
0.034
0.039
0.053
0.052
0.044
0.041
0.036
0.033
0.032
0.029
0.026
0.023
0.019
0.016
0.013
0.009
0.006
0.002
-0.001
-0.005
-0.008
-0.011
-0.015
-0.019
-0.023
-0.028
-0.033
-0.038
-0.043
-0.047
-0.051
-0.054
-0.055
-0.053
-0.050
-0.047
-0.043
-0.033
-0.024
-0.027
-0.033
-0.029
-0.022
-0.023
-0.027
-0.030
-0.033
-0.034
-0.033
-0.032
-0.030
-0.028
-0.025
-0.022
-0.019
-0.016
-0.014
-0.011
-0.009
-0.006
-0.003
-0.000
0.003
0.006
0.008
0.011
0.014
0.016
0.018
0.020
0.023
0.025
0.028
0.032
0.035
0.039
0.043
0.046
0.050
0.054
0.058
0.061
0.064
0.067
0.070
0.074
0.076
0.077
0.078
0.078
0.077
0.076
0.074
0.072
0.070
0.069
0.070
0.071
0.073
0.076
0.080
0.082
0.087
0.089
0.090
0.090
0.090
0.089
0.088
0.084
0.081
0.082
0.086
0.074
0.078
0.081
0.078
0.048
0.034
0.058
0.092
0.073
0.030
0.023
0.026
0.059
0.053
0.037
0.008
-0.016
-0.020
0.018
0.061
0.037
-0.024
-0.037
-0.033
0.028
0.034
-0.012
-0.079
-0.062
-0.007
-0.008
-0.032
-0.043
-0.053
-0.055
-0.048
-0.037
-0.032
-0.055
-0.085
-0.077
-0.055
-0.056
-0.069
-0.081
-0.095
-0.081
-0.081
-0.085
-0.093
-0.096
-0.095
-0.094
-0.093
-0.095
-0.098
-0.100
-0.101
-0.103
-0.106
-0.112
-0.118
-0.113
-0.105
-0.107
-0.112
-0.111
-0.106
-0.102
-0.098
-0.094
-0.092
-0.089
-0.085
-0.082
-0.078
-0.075
-0.071
-0.067
-0.063
-0.058
-0.054
-0.049
-0.044
-0.039
-0.033
-0.027
-0.021
-0.018
-0.013
-0.002
0.010
0.016
0.018
0.026
0.035
0.042
0.050
0.057
0.064
0.070
0.076
0.085
0.091
0.098
0.106
0.112
0.119
0.126
0.132
0.137
0.142
0.147
0.151
0.154
0.157
0.159
0.161
0.164
0.166
0.168
0.171
0.173
0.175
0.177
0.178
0.179
0.179
0.179
0.178
0.176
0.174
0.171
0.169
0.166
0.163
0.161
0.158
0.153
0.147
0.143
0.140
0.134
0.126
0.118
0.108
0.098
0.087
0.073
0.058
0.053
0.051
0.040
0.025
0.018
0.013
0.007
0.001
-0.005
-0.013
-0.020
-0.027
-0.033
-0.040
-0.047
-0.053
-0.059
-0.064
-0.070
-0.074
-0.079
-0.084
-0.088
-0.092
-0.095
-0.098
-0.101
-0.104
-0.106
-0.108
-0.109
-0.110
-0.111
-0.111
-0.111
-0.110
-0.109
-0.107
-0.106
-0.103
-0.101
-0.099
-0.096
-0.093
-0.090
-0.087
-0.084
-0.080
-0.074
-0.066
-0.058
-0.049
-0.037
-0.027
-0.020
-0.014
-0.002
0.011
0.008
0.002
-0.009
-0.003
-0.007
-0.012
-0.014
-0.016
-0.017
-0.015
-0.010
-0.003
0.006
0.015
0.022
0.026
0.028
0.028
0.028
0.028
0.024
0.020
0.023
0.030
0.033
0.033
0.025
0.015
0.019
0.030
0.030
0.027
0.026
0.026
0.026
0.028
0.029
0.030
0.029
0.027
0.024
0.020
0.016
0.011
0.005
-0.000
-0.005
-0.009
-0.013
-0.015
-0.018
-0.020
-0.022
-0.024
-0.025
-0.025
-0.026
-0.026
-0.026
-0.025
-0.024
-0.023
-0.022
-0.022
-0.022
-0.023
-0.023
-0.024
-0.025
-0.026
-0.026
-0.026
-0.025
-0.023
-0.022
-0.020
-0.018
-0.015
-0.012
-0.009
-0.005
-0.001
0.004
0.009
0.014
0.018
0.021
0.024
0.025
0.025
0.025
0.024
0.023
0.021
0.021
0.022
0.023
0.025
0.028
0.031
0.034
0.036
0.038
0.039
0.040
0.039
0.039
0.038
0.036
0.035
0.034
0.033
0.033
0.033
0.031
0.028
0.027
0.028
0.026
0.024
0.025
0.025
0.019
0.012
0.010
0.011
0.011
0.009
0.005
-0.001
-0.005
-0.007
-0.010
-0.013
-0.016
-0.019
-0.022
-0.024
-0.027
-0.029
-0.031
-0.033
-0.036
-0.038
-0.041
-0.043
-0.046
-0.049
-0.051
-0.053
-0.054
-0.055
-0.054
-0.053
-0.051
-0.049
-0.047
-0.044
-0.042
-0.041
-0.040
-0.040
-0.040
-0.040
-0.040
-0.040
-0.039
-0.038
-0.036
-0.033
-0.030
-0.026
-0.023
-0.019
-0.015
-0.011
-0.007
-0.003
0.001
0.005
0.009
0.013
0.017
0.022
0.026
0.031
0.035
0.039
0.043
0.046
0.049
0.050
0.051
0.051
0.050
0.049
0.048
0.046
0.045
0.045
0.046
0.047
0.048
0.049
0.050
0.052
0.054
0.055
0.056
0.056
0.058
0.059
0.059
0.052
0.067
0.054
0.053
0.053
0.050
0.047
0.035
0.022
0.031
0.035
0.040
-0.009
-0.004
0.022
0.023
0.038
-0.042
-0.016
-0.003
0.016
-0.006
-0.042
-0.011
0.036
-0.039
-0.092
0.026
0.057
-0.059
-0.120
-0.026
0.037
-0.068
-0.063
-0.064
-0.025
-0.071
-0.053
-0.051
-0.060
-0.064
-0.071
-0.067
-0.058
-0.059
-0.064
-0.062
-0.057
-0.055
-0.054
-0.051
-0.050
-0.047
-0.044
-0.041
-0.039
-0.037
-0.036
-0.036
-0.036
-0.036
-0.037
-0.039
-0.040
-0.040
-0.040
-0.040
-0.039
-0.038
-0.037
-0.035
-0.034
-0.034
-0.034
-0.035
-0.037
-0.038
-0.040
-0.042
-0.044
-0.045
-0.046
-0.046
-0.045
-0.044
-0.043
-0.042
-0.040
-0.037
-0.034
-0.030
-0.026
-0.022
-0.017
-0.011
-0.007
-0.003
-0.001
0.001
0.002
0.002
0.001
-0.000
-0.001
-0.001
-0.000
0.001
0.003
0.005
0.008
0.011
0.014
0.017
0.019
0.021
0.023
0.027
0.031
0.034
0.035
0.035
0.034
0.035
0.036
0.035
0.033
0.031
0.030
0.027
0.025
0.026
0.030
0.031
0.032
0.034
0.036
0.037
0.037
0.037
0.036
0.034
0.032
0.030
0.028
0.026
0.025
0.024
0.023
0.022
0.021
0.021
0.019
0.018
0.015
0.012
0.009
0.005
0.001
-0.003
-0.006
-0.009
-0.011
-0.013
-0.014
-0.014
-0.014
-0.014
-0.013
-0.013
-0.013
-0.013
-0.013
-0.013
-0.012
-0.011
-0.011
-0.014
-0.018
-0.020
-0.022
-0.026
-0.030
-0.033
-0.036
-0.040
-0.044
-0.042
-0.037
-0.034
-0.031
-0.027
-0.023
-0.020
-0.017
-0.015
-0.014
-0.013
-0.013
-0.012
-0.012
-0.012
-0.011
-0.010
-0.009
-0.007
-0.006
-0.005
-0.004
-0.002
0.000
0.003
0.006
0.009
0.013
0.016
0.020
0.024
0.027
0.029
0.032
0.034
0.037
0.038
0.040
0.041
0.042
0.042
0.042
0.041
0.040
0.039
0.038
0.037
0.038
0.039
0.041
0.043
0.046
0.049
0.051
0.053
0.054
0.053
0.052
0.053
0.055
0.053
0.049
0.047
0.047
0.046
0.045
0.044
0.042
0.040
0.039
0.037
0.036
0.035
0.034
0.033
0.032
0.031
0.030
0.028
0.026
0.023
0.020
0.016
0.012
0.008
0.003
-0.001
-0.005
-0.008
-0.011
-0.014
-0.017
-0.020
-0.023
-0.026
-0.028
-0.030
-0.032
-0.034
-0.036
-0.038
-0.040
-0.041
-0.043
-0.045
-0.047
-0.049
-0.051
-0.053
-0.055
-0.058
-0.060
-0.063
-0.066
-0.069
-0.072
-0.075
-0.078
-0.080
-0.083
-0.085
-0.088
-0.089
-0.090
-0.092
-0.093
-0.093
-0.092
-0.095
-0.098
-0.090
-0.081
-0.081
-0.086
-0.084
-0.080
-0.078
-0.076
-0.074
-0.074
-0.073
-0.071
-0.070
-0.067
-0.065
-0.062
-0.059
-0.056
-0.053
-0.049
-0.045
-0.041
-0.037
-0.032
-0.027
-0.022
-0.017
-0.012
-0.007
-0.003
0.000
0.003
0.006
0.009
0.011
0.014
0.017
0.022
0.027
0.033
0.040
0.046
0.053
0.060
0.066
0.071
0.075
0.078
0.081
0.084
0.086
0.088
0.091
0.095
0.099
0.103
0.108
0.112
0.117
0.121
0.124
0.126
0.130
0.129
0.131
0.133
0.132
0.132
0.132
0.132
0.123
0.114
0.121
0.131
0.118
0.098
0.096
0.105
0.117
0.123
0.100
0.071
0.083
0.111
0.112
0.098
0.078
0.058
0.069
0.091
0.077
0.050
0.031
0.034
0.033
0.045
0.016
0.030
-0.008
-0.025
-0.036
0.056
0.042
-0.044
-0.071
0.007
-0.005
-0.025
-0.032
-0.026
-0.030
-0.032
-0.034
-0.039
-0.050
-0.059
-0.052
-0.042
-0.048
-0.062
-0.063
-0.060
-0.059
-0.057
-0.056
-0.055
-0.053
-0.049
-0.045
-0.039
-0.032
-0.027
