0.019
0.019
0.018
0.017
0.015
0.012
0.009
0.006
0.005
0.005
0.005
0.006
0.008
0.010
0.013
0.014
0.014
0.013
0.010
0.006
0.001
-0.004
-0.009
-0.014
-0.018
-0.020
-0.022
-0.022
-0.020
-0.018
-0.014
-0.011
-0.010
-0.011
-0.014
-0.018
-0.022
-0.027
-0.032
-0.038
-0.041
-0.043
-0.043
-0.042
-0.042
-0.041
-0.040
-0.040
-0.039
-0.040
-0.040
-0.042
-0.046
-0.051
-0.058
-0.064
-0.068
-0.070
-0.070
-0.069
-0.068
-0.066
-0.064
-0.062
-0.061
-0.061
-0.061
-0.063
-0.065
-0.066
-0.068
-0.070
-0.070
-0.070
-0.069
-0.067
-0.064
-0.062
-0.058
-0.055
-0.052
-0.048
-0.045
-0.042
-0.038
-0.034
-0.030
-0.026
-0.022
-0.019
-0.015
-0.012
-0.008
-0.005
-0.001
0.003
0.008
0.015
0.023
0.032
0.042
0.053
0.064
0.074
0.083
0.089
0.094
0.097
0.100
0.101
0.103
0.104
0.109
0.116
0.125
0.135
0.147
0.159
0.172
0.185
0.196
0.204
0.211
0.217
0.221
0.225
0.227
0.229
0.230
0.232
0.233
0.233
0.233
0.232
0.230
0.227
0.223
0.219
0.214
0.208
0.201
0.194
0.186
0.177
0.168
0.158
0.148
0.137
0.125
0.113
0.100
0.087
0.072
0.057
0.041
0.024
0.007
-0.011
-0.029
-0.047
-0.065
-0.082
-0.099
-0.116
-0.132
-0.148
-0.163
-0.178
-0.192
-0.207
-0.221
-0.235
-0.248
-0.260
-0.272
-0.283
-0.294
-0.304
-0.313
-0.322
-0.330
-0.337
-0.343
-0.347
-0.350
-0.352
-0.351
-0.350
-0.346
-0.342
-0.336
-0.330
-0.324
-0.318
-0.312
-0.306
-0.300
-0.293
-0.286
-0.277
-0.267
-0.255
-0.240
-0.224
-0.207
-0.189
-0.170
-0.150
-0.131
-0.112
-0.094
-0.076
-0.057
-0.038
-0.019
-0.000
0.017
0.035
0.051
0.068
0.085
0.103
0.120
0.138
0.155
0.171
0.187
0.202
0.217
0.232
0.246
0.260
0.272
0.283
0.293
0.302
0.309
0.316
0.321
0.326
0.330
0.333
0.336
0.338
0.339
0.340
0.339
0.337
0.334
0.329
0.323
0.315
0.307
0.297
0.286
0.275
0.263
0.251
0.239
0.226
0.213
0.199
0.185
0.171
0.157
0.142
0.127
0.112
0.097
0.081
0.066
0.051
0.037
0.023
0.009
-0.004
-0.016
-0.029
-0.042
-0.054
-0.066
-0.078
-0.090
-0.101
-0.112
-0.123
-0.133
-0.143
-0.151
-0.157
-0.163
-0.166
-0.169
-0.171
-0.172
-0.172
-0.171
-0.170
-0.169
-0.167
-0.164
-0.161
-0.157
-0.153
-0.149
-0.144
-0.140
-0.135
-0.130
-0.125
-0.120
-0.114
-0.107
-0.098
-0.088
-0.077
-0.065
-0.053
-0.040
-0.028
-0.018
-0.010
-0.003
0.001
0.005
0.008
0.010
0.012
0.015
0.019
0.025
0.031
0.038
0.044
0.051
0.057
0.061
0.064
0.065
0.065
0.064
0.062
0.060
0.057
0.054
0.051
0.048
0.045
0.042
0.038
0.034
0.030
0.026
0.021
0.016
0.010
0.005
-0.000
-0.006
-0.012
-0.017
-0.023
-0.029
-0.035
-0.041
-0.047
-0.053
-0.059
-0.064
-0.070
-0.075
-0.080
-0.084
-0.088
-0.092
-0.095
-0.097
-0.098
-0.098
-0.097
-0.095
-0.092
-0.089
-0.086
-0.083
-0.079
-0.076
-0.073
-0.070
-0.066
-0.063
-0.059
-0.054
-0.048
-0.042
-0.036
-0.029
-0.022
-0.014
-0.006
0.003
0.013
0.024
0.035
0.047
0.059
0.071
0.083
0.093
0.102
0.110
0.117
0.123
0.128
0.132
0.136
0.141
0.146
0.151
0.157
0.163
0.169
0.174
0.179
0.182
0.184
0.185
0.184
0.183
0.182
0.181
0.178
0.173
0.167
0.160
0.153
0.146
0.141
0.135
0.129
0.122
0.112
0.101
0.090
0.078
0.067
0.056
0.043
0.030
0.016
0.002
-0.012
-0.026
-0.039
-0.051
-0.063
-0.075
-0.086
-0.097
-0.108
-0.120
-0.131
-0.143
-0.154
-0.164
-0.172
-0.180
-0.187
-0.193
-0.199
-0.204
-0.209
-0.213
-0.217
-0.221
-0.224
-0.227
-0.228
-0.230
-0.230
-0.230
-0.228
-0.226
-0.223
-0.219
-0.214
-0.208
-0.202
-0.194
-0.186
-0.177
-0.167
-0.157
-0.145
-0.133
-0.122
-0.110
-0.099
-0.088
-0.077
-0.067
-0.057
-0.048
-0.038
-0.026
-0.014
0.000
0.015
0.028
0.040
0.052
0.063
0.076
0.089
0.102
0.113
0.119
0.121
0.121
0.120
0.122
0.127
0.134
0.141
0.148
0.154
0.161
0.167
0.172
0.177
0.180
0.182
0.184
0.185
0.186
0.186
0.185
0.182
0.177
0.172
0.165
0.158
0.149
0.140
0.132
0.124
0.116
0.109
0.102
0.095
0.088
0.081
0.074
0.065
0.056
0.047
0.038
0.029
0.020
0.011
0.003
-0.005
-0.012
-0.018
-0.024
-0.029
-0.034
-0.039
-0.045
-0.051
-0.058
-0.064
-0.071
-0.078
-0.084
-0.090
-0.094
-0.097
-0.098
-0.098
-0.098
-0.096
-0.093
-0.091
-0.089
-0.089
-0.089
-0.090
-0.090
-0.091
-0.092
-0.092
-0.091
-0.087
-0.082
-0.076
-0.069
-0.061
-0.053
-0.044
-0.036
-0.030
-0.024
-0.018
-0.013
-0.008
-0.004
0.000
0.005
0.009
0.013
0.018
0.021
0.024
0.027
0.030
0.033
0.035
0.037
0.038
0.040
0.041
0.042
0.042
0.041
0.039
0.035
0.031
0.026
0.021
0.015
0.008
0.003
-0.001
-0.005
-0.008
-0.010
-0.012
-0.014
-0.016
-0.018
-0.021
-0.024
-0.027
-0.031
-0.034
-0.037
-0.040
-0.041
-0.041
-0.040
-0.038
-0.035
-0.032
-0.028
-0.024
-0.019
-0.014
-0.009
-0.004
0.002
0.008
0.013
0.019
0.023
0.027
0.031
0.034
0.036
0.037
0.038
0.038
0.038
0.037
0.035
0.034
0.031
0.028
0.025
0.021
0.017
0.013
0.009
0.005
0.001
-0.003
-0.007
-0.011
-0.016
-0.021
-0.027
-0.032
-0.038
-0.044
-0.049
-0.055
-0.060
-0.064
-0.068
-0.072
-0.075
-0.078
-0.081
-0.083
-0.086
-0.089
-0.092
-0.095
-0.097
-0.100
-0.102
-0.105
-0.107
-0.109
-0.111
-0.113
-0.115
-0.117
-0.118
-0.119
-0.119
-0.118
-0.117
-0.115
-0.113
-0.110
-0.107
-0.104
-0.100
-0.097
-0.094
-0.090
-0.087
-0.084
-0.080
-0.077
-0.073
-0.070
-0.067
-0.063
-0.060
-0.057
-0.054
-0.050
-0.046
-0.042
-0.037
-0.031
-0.026
-0.020
-0.013
-0.007
-0.002
0.003
0.008
0.012
0.016
0.020
0.024
0.028
0.032
0.037
0.043
0.049
0.056
0.063
0.070
0.077
0.083
0.090
0.096
0.102
0.107
0.113
0.119
0.124
0.130
0.135
0.141
0.146
0.152
0.157
0.163
0.168
0.173
0.177
0.180
0.184
0.187
0.191
0.195
0.199
0.202
0.204
0.206
0.207
0.208
0.209
0.208
0.208
0.206
0.203
0.199
0.195
0.190
0.184
0.177
0.171
0.164
0.158
0.152
0.146
0.140
0.134
0.128
0.121
0.113
0.104
0.093
0.082
0.070
0.057
0.044
0.030
0.016
0.001
-0.013
-0.027
-0.042
-0.057
-0.072
-0.087
-0.101
-0.115
-0.129
-0.142
-0.154
-0.166
-0.178
-0.190
-0.202
-0.215
-0.228
-0.242
-0.255
-0.269
-0.281
-0.294
-0.304
-0.312
-0.320
-0.325
-0.329
-0.333
-0.335
-0.336
-0.338
-0.339
-0.341
-0.342
-0.343
-0.344
-0.343
-0.342
-0.339
-0.334
-0.327
-0.319
-0.310
-0.300
-0.288
-0.276
-0.264
-0.252
-0.240
-0.228
-0.215
-0.202
-0.188
-0.174
-0.159
-0.143
-0.127
-0.109
-0.092
-0.073
-0.055
-0.037
-0.019
-0.003
0.014
0.029
0.044
0.059
0.074
0.088
0.104
0.121
0.138
0.155
0.173
0.191
0.208
0.225
0.239
0.251
0.261
0.269
0.276
0.281
0.285
0.288
0.291
0.293
0.296
0.299
0.300
0.301
0.301
0.301
0.300
0.297
0.294
0.291
0.286
0.281
0.276
0.269
0.261
0.252
0.242
0.230
0.218
0.205
0.191
0.177
0.163
0.150
0.137
0.125
0.112
0.100
0.088
0.076
0.064
0.051
0.039
0.026
0.013
0.001
-0.011
-0.023
-0.034
-0.045
-0.056
-0.065
-0.075
-0.084
-0.092
-0.100
-0.107
-0.114
-0.120
-0.125
-0.130
-0.134
-0.137
-0.140
-0.142
-0.144
-0.145
-0.146
-0.146
-0.146
-0.145
-0.143
-0.141
-0.139
-0.135
-0.132
-0.128
-0.123
-0.118
-0.113
-0.107
-0.100
-0.093
-0.086
-0.078
-0.070
-0.062
-0.054
-0.046
-0.040
-0.033
-0.027
-0.022
-0.017
-0.012
-0.007
-0.002
0.004
0.009
0.015
0.021
0.027
0.032
0.037
0.042
0.045
0.048
0.050
0.051
0.052
0.053
0.053
0.053
0.052
0.052
0.051
0.050
0.049
0.047
0.045
0.044
0.042
0.040
0.039
0.037
0.035
0.034
0.032
0.028
0.024
0.018
0.012
0.007
0.001
-0.004
-0.011
-0.020
-0.032
-0.046
-0.059
-0.071
-0.081
-0.089
-0.096
-0.101
-0.104
-0.105
-0.103
-0.098
-0.090
-0.081
-0.072
-0.067
-0.065
-0.066
-0.069
-0.070
-0.071
-0.071
-0.072
-0.071
-0.070
-0.067
-0.063
-0.059
-0.054
-0.049
-0.043
-0.037
-0.031
-0.025
-0.019
-0.013
-0.006
0.001
0.008
0.014
0.020
0.026
0.032
0.037
0.041
0.046
0.051
0.056
0.061
0.067
0.073
0.079
0.085
0.091
0.097
0.101
0.105
0.107
0.109
0.111
0.112
0.113
0.113
0.111
0.109
0.106
0.102
0.099
0.095
0.090
0.086
0.082
0.079
0.075
0.072
0.068
0.065
0.062
0.059
0.054
0.048
0.041
0.033
0.024
0.015
0.005
-0.005
-0.014
-0.023
-0.032
-0.040
-0.048
-0.056
-0.063
-0.070
-0.077
-0.082
-0.088
-0.092
-0.096
-0.099
-0.102
-0.105
-0.108
-0.111
-0.115
-0.118
-0.122
-0.126
-0.129
-0.132
-0.133
-0.133
-0.131
-0.129
-0.126
-0.122
-0.117
-0.111
-0.106
-0.101
-0.096
-0.091
-0.086
-0.080
-0.075
-0.069
-0.062
-0.055
-0.048
-0.040
-0.032
-0.024
-0.017
-0.009
-0.000
0.009
0.018
0.027
0.035
0.042
0.049
0.055
0.063
0.072
0.080
0.089
0.099
0.107
0.116
0.124
0.130
0.135
0.138
0.140
0.140
0.140
0.139
0.139
0.138
0.139
0.141
0.143
0.145
0.148
0.150
0.151
0.151
0.149
0.145
0.140
0.134
0.128
0.120
0.113
0.106
0.099
0.093
0.087
0.081
0.075
0.070
0.064
0.058
0.051
0.045
0.038
0.031
0.025
0.018
0.012
0.006
-0.001
-0.007
-0.013
-0.019
-0.025
-0.030
-0.036
-0.040
-0.044
-0.047
-0.049
-0.051
-0.053
-0.054
-0.055
-0.057
-0.059
-0.062
-0.065
-0.069
-0.072
-0.076
-0.079
-0.081
-0.082
-0.081
-0.080
-0.078
-0.075
-0.072
-0.069
-0.064
-0.060
-0.056
-0.051
-0.046
-0.041
-0.036
-0.031
-0.026
-0.022
-0.018
-0.015
-0.012
-0.010
-0.009
-0.009
-0.008
-0.008
-0.008
-0.009
-0.012
-0.015
-0.019
-0.024
-0.028
-0.031
-0.034
-0.036
-0.038
-0.040
-0.042
-0.043
-0.045
-0.048
-0.052
-0.055
-0.056
-0.057
-0.057
-0.057
-0.058
-0.060
-0.062
-0.063
-0.061
-0.055
-0.048
-0.040
-0.033
-0.027
-0.021
-0.016
-0.010
-0.003
0.004
0.010
0.015
0.020
0.025
0.028
0.031
0.033
0.034
0.034
0.035
0.037
0.038
0.040
0.041
0.042
0.043
0.043
0.043
0.041
0.038
0.035
0.031
0.027
0.022
0.017
0.013
0.009
0.006
0.003
-0.000
-0.003
-0.005
-0.007
-0.009
-0.012
-0.014
-0.016
-0.018
-0.019
-0.021
-0.023
-0.026
-0.029
-0.032
-0.036
-0.040
-0.045
-0.049
-0.053
-0.056
-0.058
-0.059
-0.059
-0.058
-0.056
-0.054
-0.053
-0.052
-0.053
-0.054
-0.057
-0.060
-0.063
-0.066
-0.068
-0.070
-0.070
-0.069
-0.067
-0.064
-0.061
-0.057
-0.054
-0.051
-0.048
-0.047
-0.045
-0.044
-0.043
-0.042
-0.041
-0.039
-0.036
-0.033
-0.030
-0.026
-0.022
-0.018
-0.013
-0.010
-0.006
-0.003
-0.000
0.003
0.005
0.008
0.011
0.015
0.019
0.024
0.030
0.035
0.041
0.047
0.053
0.058
0.063
0.066
0.069
0.072
0.074
0.077
0.079
0.081
0.084
0.088
0.091
0.095
0.099
0.103
0.106
0.110
0.113
0.115
0.117
0.119
0.121
0.123
0.124
0.125
0.125
0.124
0.123
0.122
0.120
0.118
0.116
0.115
0.115
0.115
0.116
0.118
0.120
0.122
0.123
0.123
0.122
0.119
0.116
0.111
0.106
0.101
0.095
0.090
0.085
0.081
0.078
0.074
0.070
0.067
0.063
0.058
0.053
0.046
0.040
0.033
0.025
0.018
0.010
0.003
-0.004
-0.011
-0.018
-0.024
-0.030
-0.036
-0.043
-0.051
-0.059
-0.068
-0.077
-0.087
-0.097
-0.106
-0.116
-0.124
-0.130
-0.136
-0.140
-0.144
-0.146
-0.149
-0.151
-0.155
-0.159
-0.165
-0.171
-0.178
-0.185
-0.192
-0.199
-0.204
-0.208
-0.210
-0.211
-0.211
-0.211
-0.210
-0.208
-0.207
-0.205
-0.204
-0.203
-0.201
-0.199
-0.196
-0.193
-0.190
-0.186
-0.182
-0.177
-0.172
-0.167
-0.161
-0.155
-0.147
-0.139
-0.129
-0.119
-0.108
-0.096
-0.084
-0.072
-0.061
-0.051
-0.041
-0.032
-0.023
-0.015
-0.007
0.001
0.010
0.019
0.029
0.039
0.050
0.060
0.070
0.081
0.091
0.102
0.112
0.122
0.132
0.142
0.152
0.161
0.169
0.176
0.182
0.187
0.192
0.195
0.198
0.200
0.202
0.204
0.205
0.206
0.206
0.206
0.205
0.204
0.202
0.200
0.198
0.196
0.193
0.189
0.185
0.180
0.175
0.171
0.166
0.160
0.153
0.144
0.134
0.124
0.114
0.104
0.094
0.084
0.073
0.062
0.051
0.040
0.030
0.020
0.010
0.001
-0.008
-0.016
-0.024
-0.031
-0.037
-0.043
-0.049
-0.054
-0.058
-0.062
-0.066
-0.069
-0.072
-0.075
-0.078
-0.081
-0.084
-0.087
-0.089
-0.091
-0.093
-0.094
-0.095
-0.095
-0.095
-0.095
-0.094
-0.093
-0.092
-0.090
-0.089
-0.087
-0.086
-0.083
-0.081
-0.078
-0.074
-0.070
-0.065
-0.059
-0.053
-0.047
-0.041
-0.034
-0.026
-0.019
-0.011
-0.004
0.004
0.012
0.020
0.026
0.031
0.035
0.037
0.038
0.037
0.036
0.033
0.031
0.029
0.027
0.026
0.025
0.024
0.023
0.022
0.021
0.020
0.019
0.018
0.016
0.015
0.014
0.012
0.010
0.008
0.005
0.002
-0.001
-0.005
-0.009
-0.014
-0.018
-0.023
-0.027
-0.031
-0.034
-0.038
-0.041
-0.045
-0.048
-0.052
-0.056
-0.060
-0.065
-0.069
-0.073
-0.077
-0.081
-0.083
-0.084
-0.083
-0.082
-0.080
-0.077
-0.074
-0.070
-0.068
-0.066
-0.065
-0.065
-0.064
-0.064
-0.064
-0.064
-0.062
-0.058
-0.054
-0.049
-0.043
-0.037
-0.030
-0.023
-0.017
-0.011
-0.006
-0.001
0.005
0.010
0.014
0.019
0.023
0.027
0.031
0.035
0.038
0.042
0.044
0.047
0.051
0.055
0.059
0.064
0.069
0.074
0.078
0.083
0.086
0.088
0.089
0.088
0.088
0.086
0.084
0.081
0.079
0.076
0.074
0.072
0.070
0.067
0.064
0.061
0.057
0.053
0.049
0.044
0.039
0.034
0.029
0.024
0.018
0.012
0.006
0.000
-0.006
-0.012
-0.018
-0.024
-0.030
-0.037
-0.043
-0.049
-0.055
-0.061
-0.067
-0.072
-0.077
-0.080
-0.082
-0.083
-0.083
-0.083
-0.082
-0.081
-0.082
-0.083
-0.085
-0.088
-0.092
-0.095
-0.098
-0.101
-0.102
-0.101
-0.099
-0.095
-0.090
-0.084
-0.077
-0.071
-0.065
-0.059
-0.055
-0.051
-0.046
-0.042
-0.038
-0.034
-0.030
-0.026
-0.022
-0.017
-0.013
-0.009
-0.005
-0.000
0.005
0.011
0.017
0.023
0.031
0.039
0.047
0.054
0.059
0.063
0.065
0.066
0.067
0.067
0.068
0.069
0.070
0.073
0.076
0.081
0.090
0.101
0.113
0.124
0.131
0.133
0.132
0.128
0.123
0.117
0.110
0.102
0.094
0.087
0.081
0.075
0.070
0.065
0.060
0.056
0.051
0.047
0.042
0.037
0.033
0.030
0.027
0.023
0.020
0.015
0.011
0.006
0.001
-0.004
-0.010
-0.015
-0.020
-0.025
-0.029
-0.033
-0.036
-0.040
-0.043
-0.046
-0.049
-0.053
-0.056
-0.059
-0.062
-0.065
-0.067
-0.069
-0.071
-0.072
-0.072
-0.071
-0.070
-0.069
-0.068
-0.066
-0.066
-0.066
-0.066
-0.067
-0.069
-0.070
-0.072
-0.074
-0.074
-0.074
-0.074
-0.072
-0.070
-0.069
-0.066
-0.065
-0.064
-0.064
-0.066
-0.068
-0.071
-0.073
-0.077
-0.080
-0.081
-0.082
-0.082
-0.082
-0.081
-0.079
-0.077
-0.075
-0.072
-0.070
-0.068
-0.065
-0.063
-0.060
-0.057
-0.054
-0.051
-0.048
-0.045
-0.043
-0.040
-0.038
-0.035
-0.032
-0.029
-0.025
-0.020
-0.015
-0.009
-0.004
0.002
0.007
0.012
0.015
0.017
0.019
0.020
0.020
0.020
0.020
0.021
0.022
0.024
0.027
0.030
0.033
0.036
0.039
0.042
0.043
0.045
0.046
0.046
0.047
0.047
0.047
0.047
0.047
0.047
0.047
0.047
0.046
0.045
0.044
0.043
0.041
0.039
0.036
0.034
0.031
0.028
0.025
0.023
0.022
0.021
0.021
0.021
0.021
0.021
0.021
0.019
0.016
0.011
0.006
-0.000
-0.007
-0.014
-0.021
-0.026
-0.030
-0.032
-0.034
-0.034
-0.035
-0.034
-0.033
-0.034
-0.035
-0.037
-0.039
-0.041
-0.044
-0.046
-0.049
-0.051
-0.053
-0.055
-0.057
-0.058
-0.060
-0.061
-0.062
-0.062
-0.061
-0.059
-0.056
-0.053
-0.049
-0.045
-0.041
-0.038
-0.036
-0.034
-0.034
-0.033
-0.033
-0.033
-0.033
-0.032
-0.030
-0.027
-0.024
-0.020
-0.016
-0.011
-0.006
-0.002
0.002
0.005
0.009
0.012
0.015
0.019
0.022
0.025
0.028
0.030
0.033
0.036
0.038
0.040
0.043
0.045
0.048
0.051
0.053
0.056
0.059
0.062
0.065
0.068
0.072
0.075
0.078
0.081
0.084
0.087
0.090
0.091
0.091
0.091
0.090
0.088
0.086
0.085
0.083
0.081
0.079
0.078
0.078
0.079
0.081
0.084
0.087
0.088
0.088
0.086
0.083
0.079
0.076
0.072
0.067
0.063
0.059
0.055
0.052
0.048
0.044
0.040
0.036
0.032
0.029
0.027
0.024
0.022
0.020
0.018
0.016
0.013
0.009
0.004
-0.002
-0.007
-0.014
-0.020
-0.027
-0.033
-0.039
-0.045
-0.050
-0.054
-0.059
-0.063
-0.067
-0.071
-0.075
-0.079
-0.082
-0.084
-0.086
-0.087
-0.089
-0.092
-0.098
-0.104
-0.111
-0.117
-0.122
-0.126
-0.130
-0.134
-0.137
-0.139
-0.140
-0.140
-0.139
-0.138
-0.136
-0.135
-0.134
-0.133
-0.132
-0.130
-0.129
-0.127
-0.125
-0.123
-0.120
-0.117
-0.113
-0.110
-0.106
-0.101
-0.097
-0.091
-0.086
-0.080
-0.074
-0.067
-0.060
-0.053
-0.046
-0.038
-0.031
-0.023
-0.016
-0.008
-0.001
0.007
0.014
0.021
0.027
0.034
0.040
0.046
0.051
0.057
0.063
0.070
0.077
0.085
0.093
0.102
0.111
0.120
0.128
0.135
0.140
0.144
0.147
0.148
0.149
0.149
0.149
0.150
0.152
0.154
0.156
0.159
0.161
0.163
0.165
0.166
0.167
0.166
0.164
0.163
0.160
0.157
0.154
0.149
0.144
0.138
0.131
0.124
0.116
0.107
0.099
0.091
0.084
0.078
0.072
0.067
0.062
0.058
0.053
0.048
0.041
0.034
0.027
0.020
0.012
0.004
-0.004
-0.011
-0.017
-0.024
-0.029
-0.035
-0.040
-0.045
-0.049
-0.054
-0.058
-0.062
-0.066
-0.069
-0.072
-0.075
-0.077
-0.078
-0.079
-0.079
-0.078
-0.077
-0.075
-0.073
-0.071
-0.069
-0.068
-0.067
-0.067
-0.066
-0.066
-0.065
-0.065
-0.063
-0.060
-0.056
-0.051
-0.046
-0.040
-0.034
-0.028
-0.024
-0.021
-0.020
-0.019
-0.020
-0.021
-0.022
-0.022
-0.021
-0.019
-0.014
-0.009
-0.003
0.004
0.011
0.017
0.022
0.025
0.026
0.026
0.025
0.023
0.021
0.019
0.017
0.016
0.016
0.016
0.016
0.016
0.016
0.017
0.017
0.017
0.017
0.017
0.018
0.018
0.018
0.018
0.017
0.015
0.012
0.009
0.005
0.000
-0.005
-0.010
-0.014
-0.017
-0.019
-0.021
-0.023
-0.024
-0.025
-0.025
-0.026
-0.027
-0.028
-0.029
-0.030
-0.030
-0.031
-0.031
-0.031
-0.031
-0.031
-0.030
-0.029
-0.029
-0.028
-0.027
-0.025
-0.024
-0.023
-0.021
-0.020
-0.018
-0.016
-0.014
-0.012
-0.009
-0.006
-0.002
0.001
0.005
0.009
0.012
0.015
0.018
0.019
0.021
0.021
0.022
0.022
0.022
0.024
0.026
0.028
0.032
0.034
0.037
0.040
0.043
0.046
0.049
0.051
0.053
0.054
0.053
0.052
0.051
0.048
0.046
0.042
0.039
0.037
0.036
0.035
0.034
0.033
0.031
0.029
0.027
0.026
0.025
0.024
0.022
0.020
0.017
0.014
0.010
0.006
0.001
-0.004
-0.008
-0.012
-0.014
-0.016
-0.017
-0.018
-0.018
-0.018
-0.018
-0.019
-0.021
-0.024
-0.028
-0.032
-0.036
-0.040
-0.044
-0.048
-0.050
-0.052
-0.053
-0.054
-0.055
-0.055
-0.055
-0.055
-0.054
-0.054
-0.053
-0.052
-0.051
-0.049
-0.047
-0.045
-0.043
-0.041
-0.039
-0.036
-0.034
-0.032
-0.029
-0.026
-0.023
-0.020
-0.017
-0.014
-0.010
-0.006
-0.003
0.001
0.005
0.009
0.012
0.016
0.020
0.024
0.027
0.031
0.034
0.037
0.040
0.043
0.045
0.048
0.050
0.051
0.052
0.053
0.054
0.054
0.053
0.053
0.053
0.053
0.054
0.056
0.058
0.060
0.062
0.065
0.067
0.068
0.067
0.066
0.063
0.060
0.057
0.052
0.048
0.045
0.042
0.040
0.039
0.038
0.037
0.036
0.035
0.034
0.031
0.027
0.023
0.019
0.015
0.010
0.006
0.001
-0.003
-0.006
-0.009
-0.012
-0.015
-0.018
-0.020
-0.022
-0.022
-0.023
-0.022
-0.022
-0.020
-0.019
-0.017
-0.017
-0.017
-0.018
-0.020
-0.023
-0.025
-0.029
-0.032
-0.034
-0.035
-0.036
-0.036
-0.036
-0.036
-0.035
-0.035
-0.035
-0.036
-0.038
-0.039
-0.041
-0.043
-0.045
-0.048
-0.049
-0.051
-0.052
-0.053
-0.054
-0.054
-0.054
-0.055
-0.055
-0.054
-0.054
-0.053
-0.053
-0.052
-0.050
-0.049
-0.047
-0.045
-0.043
-0.040
-0.038
-0.035
-0.032
-0.030
-0.028
-0.027
-0.027
-0.028
-0.029
-0.030
-0.032
-0.033
-0.032
-0.030
-0.027
-0.023
-0.018
-0.013
-0.007
-0.001
0.003
0.005
0.007
0.007
0.007
0.006
0.005
0.004
0.004
0.005
0.007
0.009
0.012
0.015
0.018
0.022
0.024
0.026
0.027
0.028
0.028
0.029
0.029
0.028
0.028
0.028
0.028
0.027
0.027
0.026
0.025
0.024
0.023
0.022
0.020
0.019
0.017
0.015
0.014
0.012
0.011
0.010
0.009
0.009
0.008
0.008
0.008
0.007
0.006
0.004
0.001
-0.003
-0.007
-0.011
-0.015
-0.019
-0.022
-0.024
-0.025
-0.025
-0.024
-0.023
-0.021
-0.020
-0.019
-0.020
-0.021
-0.022
-0.024
-0.027
-0.029
-0.032
-0.033
-0.034
-0.034
-0.034
-0.033
-0.033
-0.033
-0.032
-0.033
-0.033
-0.035
-0.036
-0.036
-0.035
-0.033
-0.031
-0.030
-0.029
-0.029
-0.028
-0.027
-0.026
-0.025
-0.024
-0.022
-0.021
-0.019
-0.018
-0.016
-0.015
-0.013
-0.011
-0.008
-0.005
-0.001
0.002
0.007
0.011
0.015
0.020
0.023
0.025
0.027
0.028
0.028
0.028
0.028
0.028
0.028
0.030
0.032
0.034
0.037
0.040
0.043
0.046
0.049
0.051
0.052
0.053
0.054
0.055
0.056
0.056
0.057
0.058
0.059
0.060
0.061
0.062
0.063
0.063
0.063
0.063
0.062
0.061
0.059
0.057
0.055
0.053
0.051
0.049
0.047
0.045
0.043
0.041
0.039
0.037
0.035
0.033
0.031
0.029
0.027
0.025
0.023
0.021
0.018
0.016
0.012
0.009
0.005
0.002
-0.002
-0.006
-0.010
-0.013
-0.015
-0.018
-0.020
-0.023
-0.025
-0.027
-0.030
-0.033
-0.037
-0.041
-0.046
-0.051
-0.057
-0.061
-0.065
-0.066
-0.067
-0.067
-0.067
-0.068
-0.069
-0.070
-0.073
-0.076
-0.079
-0.084
-0.090
-0.096
-0.102
-0.107
-0.111
-0.113
-0.113
-0.112
-0.110
-0.108
-0.104
-0.101
-0.098
-0.097
-0.097
-0.097
-0.097
-0.098
-0.099
-0.099
-0.099
-0.098
-0.096
-0.094
-0.091
-0.088
-0.085
-0.082
-0.078
-0.074
-0.071
-0.067
-0.063
-0.058
-0.054
-0.049
-0.045
-0.041
-0.037
-0.033
-0.029
-0.026
-0.022
-0.018
-0.014
-0.009
-0.003
0.003
0.010
0.016
0.023
0.030
0.036
0.042
0.047
0.051
0.056
0.060
0.063
0.067
0.071
0.076
0.081
0.086
0.091
0.096
0.100
0.105
0.108
0.110
0.112
0.113
0.113
0.113
0.112
0.111
0.111
0.111
0.111
0.111
0.111
0.112
0.112
0.112
0.110
0.108
0.105
0.100
0.096
0.091
0.085
0.079
0.075
0.070
0.067
0.063
0.060
0.056
0.052
0.048
0.045
0.041
0.037
0.033
0.027
0.020
0.013
0.006
-0.000
-0.005
-0.009
-0.012
-0.017
-0.022
-0.026
-0.030
-0.033
-0.034
-0.035
-0.035
-0.038
-0.041
-0.045
-0.049
-0.052
-0.054
-0.056
-0.057
-0.059
-0.060
-0.062
-0.063
-0.064
-0.064
-0.064
-0.063
-0.063
-0.061
-0.060
-0.059
