0.012
0.010
0.008
-0.001
0.002
-0.014
-0.011
-0.007
-0.028
-0.050
-0.035
-0.011
-0.024
-0.044
-0.024
0.004
-0.011
-0.039
-0.031
-0.012
-0.010
-0.018
-0.020
-0.024
-0.024
-0.021
-0.019
-0.017
-0.014
-0.011
-0.008
-0.005
-0.003
-0.001
-0.001
-0.000
0.001
0.002
0.003
0.005
0.006
0.007
0.008
0.009
0.011
0.013
0.015
0.016
0.018
0.020
0.020
0.020
0.026
0.032
0.033
0.032
0.035
0.039
0.042
0.046
0.049
0.052
0.055
0.059
0.063
0.066
0.070
0.073
0.077
0.081
0.084
0.087
0.090
0.091
0.093
0.094
0.094
0.095
0.098
0.100
0.095
0.089
0.091
0.096
0.096
0.094
0.093
0.092
0.091
0.092
0.092
0.091
0.091
0.091
0.091
0.090
0.089
0.086
0.083
0.080
0.075
0.070
0.065
0.058
0.051
0.044
0.037
0.029
0.020
0.011
0.002
-0.008
-0.017
-0.025
-0.036
-0.045
-0.053
-0.057
-0.082
-0.083
-0.090
-0.098
-0.110
-0.126
-0.137
-0.147
-0.162
-0.172
-0.178
-0.168
-0.223
-0.207
-0.182
-0.221
-0.247
-0.259
-0.238
-0.205
-0.226
-0.272
-0.280
-0.284
-0.239
-0.261
-0.270
-0.288
-0.304
-0.304
-0.268
-0.238
-0.220
-0.284
-0.299
-0.274
-0.186
-0.183
-0.214
-0.269
-0.238
-0.175
-0.160
-0.167
-0.161
-0.154
-0.133
-0.108
-0.082
-0.063
-0.057
-0.054
-0.030
-0.000
0.022
0.030
0.046
0.063
0.080
0.098
0.116
0.134
0.153
0.172
0.194
0.214
0.223
0.229
0.246
0.267
0.278
0.286
0.294
0.301
0.311
0.320
0.327
0.339
0.343
0.344
0.351
0.359
0.362
0.363
0.361
0.358
0.358
0.357
0.351
0.343
0.336
0.327
0.317
0.306
0.293
0.279
0.265
0.250
0.235
0.222
0.209
0.196
0.184
0.172
0.160
0.147
0.132
0.115
0.096
0.076
0.057
0.035
0.012
-0.017
-0.022
-0.053
-0.069
-0.083
-0.101
-0.118
-0.133
-0.149
-0.164
-0.179
-0.193
-0.207
-0.221
-0.233
-0.245
-0.256
-0.266
-0.274
-0.281
-0.287
-0.293
-0.298
-0.301
-0.304
-0.305
-0.304
-0.302
-0.299
-0.298
-0.298
-0.299
-0.297
-0.289
-0.277
-0.261
-0.246
-0.237
-0.234
-0.233
-0.232
-0.226
-0.214
-0.201
-0.186
-0.171
-0.156
-0.141
-0.125
-0.111
-0.098
-0.087
-0.076
-0.065
-0.047
-0.053
-0.029
-0.020
-0.011
0.002
0.015
0.028
0.040
0.052
0.064
0.074
0.083
0.091
0.097
0.103
0.108
0.112
0.115
0.118
0.118
0.126
0.123
0.125
0.126
0.126
0.125
0.123
0.121
0.118
0.114
0.109
0.103
0.100
0.091
0.086
0.081
0.074
0.066
0.059
0.053
0.046
0.039
0.033
0.027
0.021
0.016
0.011
0.007
0.003
-0.002
-0.007
-0.012
-0.018
-0.025
-0.032
-0.039
-0.047
-0.053
-0.058
-0.060
-0.062
-0.061
-0.062
-0.063
-0.063
-0.062
-0.059
-0.055
-0.050
-0.045
-0.042
-0.041
-0.042
-0.038
-0.044
-0.027
-0.023
-0.022
-0.018
-0.014
-0.008
0.001
0.008
0.014
0.021
0.029
0.037
0.046
0.055
0.063
0.071
0.076
0.081
0.085
0.088
0.090
0.091
0.093
0.094
0.096
0.099
0.101
0.104
0.106
0.108
0.108
0.112
0.110
0.110
0.110
0.110
0.108
0.105
0.096
0.107
0.092
0.090
0.088
0.078
0.067
0.057
0.047
0.036
0.025
0.014
0.003
-0.009
-0.020
-0.032
-0.044
-0.055
-0.066
-0.077
-0.087
-0.097
-0.106
-0.114
-0.122
-0.131
-0.139
-0.148
-0.156
-0.164
-0.172
-0.179
-0.186
-0.192
-0.197
-0.201
-0.205
-0.207
-0.209
-0.211
-0.211
-0.210
-0.208
-0.207
-0.202
-0.198
-0.193
-0.187
-0.180
-0.173
-0.166
-0.155
-0.144
-0.141
-0.140
-0.129
-0.113
-0.102
-0.094
-0.083
-0.074
-0.058
-0.048
-0.035
-0.022
-0.009
0.004
0.017
0.030
0.043
0.056
0.069
0.081
0.093
0.104
0.115
0.125
0.134
0.143
0.151
0.159
0.167
0.175
0.183
0.191
0.199
0.206
0.212
0.218
0.222
0.225
0.227
0.229
0.225
0.226
0.223
0.219
0.215
0.210
0.205
0.200
0.194
0.188
0.181
0.174
0.166
0.157
0.148
0.139
0.130
0.121
0.113
0.104
0.093
0.080
0.067
0.054
0.042
0.033
0.025
0.016
0.007
-0.004
-0.016
-0.027
-0.039
-0.050
-0.061
-0.071
-0.082
-0.092
-0.102
-0.111
-0.120
-0.129
-0.137
-0.145
-0.151
-0.157
-0.161
-0.164
-0.166
-0.168
-0.168
-0.168
-0.167
-0.166
-0.165
-0.166
-0.155
-0.158
-0.155
-0.159
-0.134
-0.145
-0.138
-0.130
-0.123
-0.116
-0.118
-0.121
-0.100
-0.085
-0.068
-0.109
-0.094
-0.058
-0.049
-0.028
-0.094
-0.055
-0.024
0.009
-0.018
-0.061
-0.010
0.067
-0.002
-0.061
0.075
0.125
-0.013
-0.028
0.058
0.110
0.040
0.042
0.066
0.080
0.057
0.057
0.078
0.060
0.065
0.069
0.070
0.072
0.068
0.062
0.065
0.070
0.069
0.065
0.062
0.059
0.055
0.052
0.048
0.043
0.038
0.032
0.025
0.013
0.016
-0.001
-0.008
-0.013
-0.020
-0.025
-0.028
-0.029
-0.030
-0.030
-0.029
-0.028
-0.028
-0.029
-0.031
-0.033
-0.036
-0.039
-0.041
-0.044
-0.044
-0.043
-0.041
-0.038
-0.034
-0.029
-0.024
-0.018
-0.013
-0.008
-0.003
0.002
0.006
0.011
0.015
0.019
0.022
0.024
0.025
0.025
0.025
0.025
0.023
0.023
0.016
0.020
0.018
0.016
0.017
0.017
0.018
0.018
0.016
0.012
0.008
0.003
0.000
-0.000
0.003
0.005
-0.005
-0.019
-0.025
-0.028
-0.032
-0.037
-0.041
-0.045
-0.049
-0.052
-0.056
-0.059
-0.062
-0.064
-0.065
-0.066
-0.064
-0.063
-0.059
-0.054
-0.049
-0.043
-0.036
-0.030
-0.023
-0.018
-0.013
-0.008
-0.004
0.000
0.004
0.007
0.011
0.015
0.020
0.024
0.028
0.032
0.036
0.040
0.043
0.046
0.049
0.051
0.052
0.053
0.053
0.054
0.058
0.065
0.073
0.081
0.088
0.093
0.098
0.102
0.106
0.110
0.113
0.115
0.117
0.117
0.117
0.117
0.117
0.117
0.117
0.117
0.117
0.117
0.118
0.118
0.118
0.117
0.116
0.116
0.115
0.114
0.114
0.113
0.110
0.106
0.104
0.103
0.100
0.096
0.092
0.088
0.084
0.081
0.077
0.073
0.070
0.066
0.062
0.057
0.055
0.051
0.047
0.036
0.048
0.032
0.029
0.028
0.021
0.014
0.006
-0.003
-0.012
-0.022
-0.033
-0.043
-0.053
-0.061
-0.068
-0.075
-0.081
-0.087
-0.093
-0.099
-0.106
-0.113
-0.122
-0.131
-0.140
-0.150
-0.160
-0.169
-0.177
-0.185
-0.191
-0.197
-0.203
-0.208
-0.212
-0.216
-0.220
-0.223
-0.227
-0.230
-0.233
-0.236
-0.238
-0.239
-0.240
-0.241
-0.241
-0.240
-0.239
-0.238
-0.236
-0.233
-0.230
-0.227
-0.223
-0.218
-0.212
-0.206
-0.199
-0.191
-0.183
-0.174
-0.164
-0.154
-0.142
-0.129
-0.115
-0.101
-0.087
-0.074
-0.061
-0.048
-0.032
-0.014
0.004
0.023
0.040
0.057
0.073
0.089
0.105
0.121
0.138
0.153
0.168
0.181
0.194
0.205
0.216
0.226
0.235
0.244
0.254
0.266
0.278
0.290
0.303
0.315
0.328
0.339
0.347
0.354
0.358
0.359
0.360
0.360
0.357
0.353
0.351
0.347
0.339
0.332
0.333
0.336
0.327
0.313
0.305
0.299
0.286
0.272
0.267
0.264
0.248
0.228
0.212
0.200
0.185
0.169
0.151
0.132
0.116
0.101
0.078
0.055
0.041
0.031
0.017
0.000
-0.015
-0.030
-0.045
-0.060
-0.077
-0.093
-0.110
-0.127
-0.143
-0.159
-0.173
-0.186
-0.197
-0.208
-0.217
-0.226
-0.233
-0.239
-0.245
-0.252
-0.252
-0.260
-0.262
-0.262
-0.263
-0.264
-0.263
-0.269
-0.255
-0.273
-0.262
-0.252
-0.260
-0.280
-0.263
-0.231
-0.210
-0.200
-0.217
-0.237
-0.211
-0.163
-0.140
-0.134
-0.144
-0.155
-0.131
-0.083
-0.100
-0.083
-0.092
-0.095
-0.072
-0.030
-0.049
-0.025
-0.029
-0.037
-0.050
0.071
0.069
-0.013
-0.025
0.087
0.080
0.059
0.058
0.080
0.085
0.091
0.097
0.097
0.099
0.101
0.102
0.104
0.106
0.107
0.108
0.109
0.109
0.109
0.108
0.106
0.104
0.100
0.097
0.093
0.094
0.087
0.079
0.071
0.066
0.063
0.057
0.049
0.044
0.038
0.032
0.020
0.008
0.017
0.011
0.007
-0.000
0.005
-0.006
-0.019
-0.021
-0.019
-0.024
-0.031
-0.036
-0.041
-0.046
-0.049
-0.052
-0.053
-0.053
-0.053
-0.053
-0.053
-0.053
-0.053
-0.052
-0.052
-0.050
-0.048
-0.046
-0.042
-0.039
-0.036
-0.032
-0.028
-0.024
-0.019
-0.014
-0.010
-0.005
-0.000
0.004
0.009
0.013
0.017
0.021
0.026
0.031
0.036
0.042
0.048
0.054
0.060
0.066
0.071
0.075
0.078
0.080
0.082
0.082
0.081
0.080
0.078
0.078
0.079
0.081
0.083
0.084
0.084
0.083
0.083
0.083
0.085
0.086
0.086
0.082
0.075
0.065
0.055
0.047
0.040
0.033
0.026
0.019
0.011
0.003
-0.005
-0.013
-0.020
-0.028
-0.035
-0.041
-0.047
-0.052
-0.058
-0.063
-0.069
-0.075
-0.081
-0.087
-0.093
-0.098
-0.103
-0.106
-0.108
-0.110
-0.110
-0.108
-0.104
-0.100
-0.098
-0.095
-0.100
-0.093
-0.110
-0.107
-0.066
-0.072
-0.103
-0.106
-0.103
-0.041
-0.025
-0.059
-0.110
-0.081
-0.020
-0.002
-0.019
-0.023
-0.030
-0.036
-0.026
0.025
0.060
0.049
-0.050
-0.024
0.032
0.106
0.082
0.060
0.030
0.055
0.110
0.118
0.103
0.092
0.085
0.100
0.126
0.133
0.128
0.122
0.118
0.130
0.147
0.144
0.132
0.130
0.133
0.137
0.140
0.128
0.111
0.110
0.115
0.111
0.104
0.100
0.096
0.093
0.092
0.090
0.087
0.082
0.076
0.068
0.059
0.049
0.039
0.028
0.017
0.007
-0.003
-0.012
-0.020
-0.028
-0.036
-0.043
-0.050
-0.058
-0.065
-0.074
-0.081
-0.087
-0.090
-0.093
-0.096
-0.103
-0.114
-0.126
-0.137
-0.144
-0.145
-0.144
-0.139
-0.147
-0.145
-0.150
-0.153
-0.151
-0.144
-0.137
-0.128
-0.122
-0.118
-0.115
-0.112
-0.108
-0.104
-0.101
-0.097
-0.095
-0.093
-0.091
-0.088
-0.085
-0.081
-0.076
-0.070
-0.065
-0.060
-0.053
-0.046
-0.042
-0.038
-0.031
-0.022
-0.016
-0.012
-0.006
-0.002
0.000
0.002
0.002
0.003
0.006
0.012
0.019
0.026
0.029
0.029
0.028
0.027
0.027
0.028
0.030
0.032
0.034
0.032
0.039
0.030
0.042
0.033
0.033
0.033
0.030
0.028
0.026
0.023
0.021
0.018
0.015
0.012
0.008
0.004
0.001
-0.002
-0.006
-0.008
-0.005
-0.003
-0.010
-0.018
-0.015
-0.006
-0.004
-0.004
-0.001
0.002
0.007
0.013
0.019
0.025
0.030
0.036
0.041
0.047
0.052
0.056
0.061
0.065
0.069
0.072
0.075
0.078
0.080
0.082
0.083
0.083
0.083
0.077
0.084
0.073
0.070
0.067
0.061
0.052
0.055
0.043
0.037
0.024
0.037
0.013
0.014
0.008
0.002
-0.003
-0.008
-0.013
-0.017
-0.021
-0.025
-0.027
-0.030
-0.031
-0.032
-0.032
-0.031
-0.032
-0.025
-0.028
-0.027
-0.025
-0.026
-0.027
-0.027
-0.027
-0.028
-0.027
-0.027
-0.026
-0.025
-0.024
-0.021
-0.016
-0.011
-0.005
-0.001
0.002
0.004
0.006
0.008
0.010
0.011
0.013
0.015
0.018
0.022
0.026
0.030
0.034
0.038
0.042
0.045
0.048
0.050
0.052
0.054
0.055
0.056
0.057
0.058
0.060
0.061
0.062
0.063
0.064
0.066
0.067
0.068
0.063
0.081
0.070
0.075
0.080
0.081
0.083
0.085
0.086
0.085
0.081
0.086
0.078
0.077
0.076
0.072
0.064
0.076
0.063
0.062
0.061
0.061
0.057
0.055
0.053
0.050
0.047
0.045
0.043
0.040
0.038
0.034
0.030
0.025
0.021
0.016
0.012
0.008
0.004
-0.000
-0.006
-0.011
-0.017
-0.022
-0.028
-0.033
-0.039
-0.044
-0.048
-0.053
-0.056
-0.060
-0.063
-0.066
-0.069
-0.072
-0.075
-0.079
-0.082
-0.086
-0.089
-0.093
-0.097
-0.101
-0.105
-0.110
-0.117
-0.119
-0.127
-0.133
-0.137
-0.141
-0.143
-0.143
-0.144
-0.143
-0.145
-0.137
-0.145
-0.138
-0.131
-0.135
-0.143
-0.143
-0.142
-0.144
-0.146
-0.147
-0.145
-0.143
-0.139
-0.135
-0.131
-0.126
-0.120
-0.116
-0.112
-0.110
-0.107
-0.105
-0.102
-0.100
-0.097
-0.093
-0.087
-0.081
-0.073
-0.065
-0.057
-0.048
-0.038
-0.029
-0.020
-0.011
-0.003
0.006
0.015
0.024
0.033
0.041
0.050
0.058
0.066
0.073
0.082
0.086
0.096
0.103
0.111
0.119
0.127
0.135
0.143
0.151
0.160
0.167
0.175
0.182
0.188
0.195
0.202
0.208
0.214
0.217
0.219
0.220
0.219
0.219
0.219
0.219
0.219
0.216
0.211
0.209
0.204
0.202
0.202
0.203
0.202
0.214
0.209
0.232
0.178
0.174
0.183
0.190
0.195
0.150
0.108
0.130
0.156
0.141
0.053
0.088
0.140
0.067
-0.025
0.057
0.142
0.036
-0.094
-0.023
0.086
0.005
-0.062
-0.047
-0.015
-0.042
-0.070
-0.070
-0.063
-0.081
-0.106
-0.111
-0.109
-0.117
-0.129
-0.139
-0.149
-0.157
-0.162
-0.167
-0.172
-0.177
-0.180
-0.180
-0.179
-0.185
-0.191
-0.190
-0.185
-0.185
-0.186
-0.185
-0.183
-0.181
-0.178
-0.175
-0.171
-0.167
-0.163
-0.159
-0.154
-0.148
-0.142
-0.135
-0.128
-0.121
-0.113
-0.105
-0.097
-0.089
-0.081
-0.073
-0.065
-0.058
-0.051
-0.043
-0.036
-0.029
-0.022
-0.015
-0.008
-0.002
0.004
0.011
0.017
0.022
0.027
0.032
0.036
0.041
0.045
0.048
0.052
0.055
0.057
0.059
0.060
0.062
0.064
0.066
0.067
0.067
0.066
0.063
0.061
0.060
0.060
0.060
0.060
0.058
0.056
0.052
0.048
0.044
0.040
0.035
0.030
0.026
0.021
0.016
0.011
0.006
0.000
-0.005
-0.010
-0.014
-0.017
-0.021
-0.023
-0.026
-0.027
-0.029
-0.030
-0.031
-0.031
-0.032
-0.032
-0.032
-0.033
-0.033
-0.033
-0.032
-0.031
-0.030
-0.028
-0.027
-0.026
-0.026
-0.026
-0.024
-0.021
-0.024
-0.025
-0.013
0.003
0.006
0.002
0.005
0.011
0.013
0.015
0.019
0.024
0.031
0.038
0.043
0.048
0.052
0.055
0.059
0.063
0.067
0.070
0.073
0.076
0.077
0.078
0.082
0.088
0.090
0.089
0.088
0.086
0.083
0.079
0.077
0.076
0.076
0.076
0.075
0.072
0.069
0.066
0.062
0.060
0.052
0.051
0.047
0.042
0.039
0.035
0.030
0.024
0.016
0.009
0.002
-0.004
-0.011
-0.017
-0.025
-0.033
-0.042
-0.049
-0.055
-0.057
-0.059
-0.060
-0.061
-0.063
-0.066
-0.068
-0.070
-0.071
-0.072
-0.074
-0.076
-0.077
-0.079
-0.081
-0.082
-0.082
-0.082
-0.082
-0.081
-0.081
-0.080
-0.079
-0.078
-0.075
-0.073
-0.070
-0.065
-0.060
-0.055
-0.051
-0.046
-0.041
-0.036
-0.030
-0.025
-0.020
-0.015
-0.009
-0.003
0.007
0.005
0.019
0.025
0.031
0.040
0.049
0.053
0.055
0.060
0.067
0.072
0.077
0.082
0.087
0.088
0.086
0.083
0.080
0.080
0.083
0.089
0.094
0.095
0.088
0.103
0.088
0.088
0.090
0.087
0.084
0.082
0.080
0.078
0.076
0.074
0.071
0.068
0.064
0.060
0.055
0.050
0.044
0.038
0.032
0.025
0.019
0.013
0.007
0.002
-0.003
-0.008
-0.012
-0.017
-0.021
-0.025
-0.030
-0.034
-0.039
-0.044
-0.048
-0.053
-0.057
-0.061
-0.065
-0.068
-0.072
-0.075
-0.079
-0.083
-0.086
-0.088
-0.089
-0.089
-0.089
-0.090
-0.094
-0.097
-0.100
-0.097
-0.090
-0.081
-0.073
-0.070
-0.072
-0.076
-0.081
-0.082
-0.079
-0.079
-0.073
-0.070
-0.068
-0.065
-0.062
-0.058
-0.054
-0.051
-0.047
-0.041
-0.035
-0.029
-0.024
-0.017
-0.012
-0.013
-0.013
-0.003
0.014
0.014
0.007
0.008
0.009
0.022
0.019
0.020
0.023
0.035
0.046
0.033
0.008
0.012
0.026
0.056
0.053
0.029
-0.003
0.008
0.040
0.050
0.050
0.052
0.045
0.022
0.006
0.038
0.081
0.062
0.024
0.042
0.081
0.073
0.062
0.032
0.061
0.083
0.086
0.051
0.112
0.076
0.049
0.046
0.159
0.107
0.038
0.038
0.141
0.123
0.075
0.079
0.089
0.079
0.071
0.083
0.096
0.083
0.061
0.055
0.059
0.072
0.084
0.066
0.042
0.053
0.078
0.075
0.061
0.059
0.057
0.053
0.047
0.047
0.037
0.034
0.032
0.028
0.025
0.023
0.024
0.011
0.016
0.014
0.013
0.003
0.015
0.004
-0.010
-0.009
-0.004
-0.006
-0.010
-0.012
-0.015
-0.018
-0.021
-0.026
-0.031
-0.034
-0.035
-0.037
-0.037
-0.037
-0.037
-0.036
-0.036
-0.036
-0.037
-0.039
-0.042
-0.044
-0.047
-0.050
-0.052
-0.052
-0.050
-0.045
-0.041
-0.034
-0.026
-0.017
-0.008
-0.002
-0.002
0.016
0.007
0.012
0.018
0.019
0.020
0.021
0.020
0.018
0.017
0.019
0.023
0.029
0.035
0.039
0.041
0.043
0.045
0.047
0.049
0.052
0.054
0.056
0.058
0.061
0.063
0.064
0.066
0.067
0.068
0.069
0.071
0.072
0.074
0.075
0.077
0.078
0.078
0.078
0.078
0.076
0.074
0.071
0.067
0.063
0.059
0.056
0.056
0.057
0.058
0.058
0.057
0.056
0.054
0.053
0.051
0.048
0.045
0.041
0.037
0.033
0.028
0.025
0.021
0.019
0.016
0.014
0.011
0.010
0.008
0.004
-0.003
0.004
-0.001
-0.022
-0.021
-0.021
-0.033
-0.041
-0.053
-0.006
0.000
-0.040
-0.095
-0.074
-0.027
-0.013
-0.049
-0.067
-0.087
-0.103
-0.101
-0.055
-0.024
-0.041
-0.148
-0.134
-0.068
-0.032
-0.065
-0.109
-0.132
-0.104
-0.062
-0.060
-0.084
-0.102
-0.113
-0.098
-0.070
-0.064
-0.073
-0.089
-0.101
-0.079
-0.047
-0.053
-0.076
-0.080
-0.075
-0.070
-0.064
-0.065
-0.072
-0.072
-0.070
-0.068
-0.069
-0.058
-0.060
-0.050
-0.038
-0.031
-0.025
-0.018
-0.013
-0.009
-0.007
-0.004
-0.001
0.003
0.006
0.008
0.009
0.015
0.021
0.022
0.025
0.040
0.058
0.068
0.073
0.079
0.084
0.089
0.096
0.101
0.106
0.111
0.115
0.120
0.124
0.127
0.130
0.132
0.136
0.134
0.141
0.143
0.145
0.149
0.152
0.155
0.157
0.159
0.160
0.160
0.159
0.158
0.156
0.154
0.152
0.150
0.148
0.146
0.145
0.143
0.142
0.140
0.137
0.134
0.129
0.123
0.116
0.109
0.102
0.094
0.086
0.078
0.070
0.062
0.055
0.050
0.045
0.041
0.036
0.028
0.018
0.006
-0.006
-0.016
-0.023
-0.028
-0.033
-0.041
-0.051
-0.053
-0.057
-0.078
-0.104
-0.109
-0.108
-0.105
-0.124
-0.130
-0.135
-0.134
-0.139
-0.140
-0.140
-0.142
-0.144
-0.146
-0.148
-0.150
-0.152
-0.153
-0.154
-0.154
-0.153
-0.151
-0.149
-0.147
-0.145
-0.143
-0.140
-0.136
-0.131
-0.126
-0.120
-0.117
-0.114
-0.112
-0.110
-0.106
-0.099
-0.092
-0.083
-0.075
-0.065
-0.056
-0.047
-0.039
-0.032
-0.026
-0.021
-0.016
-0.012
-0.007
-0.004
0.000
0.003
0.013
0.015
0.020
0.027
0.031
0.037
0.042
0.046
0.049
0.048
0.064
0.061
0.068
0.068
0.076
0.062
0.053
0.044
0.037
0.034
0.030
0.025
0.013
0.003
0.008
0.017
0.031
0.028
0.036
0.044
0.047
0.048
0.046
0.041
0.035
0.027
0.019
0.010
0.004
-0.001
-0.003
-0.004
-0.004
-0.002
0.001
0.003
0.002
-0.002
-0.007
-0.012
-0.015
-0.016
-0.017
-0.017
-0.018
-0.020
-0.022
-0.025
-0.027
-0.029
-0.030
-0.032
-0.032
-0.032
-0.031
-0.029
-0.027
-0.025
-0.022
-0.020
-0.015
-0.015
-0.014
-0.012
-0.012
-0.011
-0.010
-0.010
-0.008
-0.009
0.003
-0.000
0.005
0.011
0.015
0.020
0.023
0.026
0.028
0.030
0.031
0.032
0.032
0.033
0.033
0.033
0.033
0.033
0.033
0.033
0.033
0.032
0.032
0.031
0.030
0.029
0.029
0.028
0.027
0.027
0.025
0.023
0.020
0.018
0.016
0.014
0.016
0.017
0.009
-0.001
-0.004
-0.003
-0.006
-0.010
-0.011
-0.012
-0.015
-0.018
-0.020
-0.022
-0.024
-0.025
-0.026
-0.027
-0.030
-0.033
-0.036
-0.039
-0.041
-0.042
-0.043
-0.043
-0.043
-0.044
-0.046
-0.054
-0.039
-0.053
-0.052
-0.049
-0.050
-0.050
-0.048
-0.047
-0.044
-0.042
-0.039
-0.037
-0.034
-0.033
-0.035
-0.037
-0.029
-0.019
-0.025
-0.036
-0.032
-0.022
-0.012
-0.002
0.004
0.006
0.007
0.007
0.009
0.013
0.016
0.018
0.024
0.031
0.032
0.031
0.033
0.036
0.038
0.040
0.042
0.043
0.044
0.046
0.047
0.049
0.051
0.052
0.054
0.056
0.057
0.058
0.059
0.059
0.058
0.057
0.056
0.054
0.052
0.049
0.046
0.042
0.037
0.031
0.027
0.024
0.018
0.011
0.006
0.004
0.003
0.004
0.005
0.006
0.008
0.010
0.009
0.006
0.001
-0.005
-0.012
-0.020
-0.028
-0.037
-0.043
-0.046
-0.049
-0.051
-0.050
-0.050
-0.050
-0.053
-0.049
-0.057
-0.031
-0.065
-0.077
-0.052
-0.039
-0.028
-0.074
-0.109
-0.069
-0.018
-0.044
-0.125
-0.081
-0.013
-0.066
-0.140
-0.057
0.030
-0.057
-0.181
-0.073
0.013
-0.038
-0.092
-0.071
-0.012
-0.041
-0.049
-0.029
-0.005
-0.017
-0.041
-0.031
-0.010
-0.010
-0.016
-0.019
-0.023
-0.023
-0.020
-0.018
-0.016
-0.013
-0.009
-0.006
-0.003
0.000
0.002
0.002
0.001
0.005
0.009
0.008
0.005
0.005
0.006
0.006
0.007
0.007
0.006
0.006
0.006
0.006
0.007
0.008
0.010
0.011
0.013
0.016
0.018
0.020
0.022
0.024
0.025
0.027
0.029
0.031
0.033
0.034
0.036
0.037
0.039
0.042
0.047
0.051
0.052
0.053
0.052
0.049
0.047
0.046
0.047
0.048
0.050
0.050
0.049
0.047
0.045
0.043
0.041
0.039
0.037
0.036
0.035
0.034
0.033
0.033
0.032
0.031
0.029
0.030
0.030
0.028
0.025
0.023
0.022
0.020
0.018
0.015
0.013
0.010
0.008
0.005
0.002
-0.000
-0.003
-0.006
-0.008
-0.009
-0.011
-0.013
-0.015
-0.016
-0.018
-0.018
-0.018
-0.017
-0.016
-0.016
-0.017
-0.016
-0.018
-0.019
-0.019
-0.020
-0.021
-0.022
-0.024
-0.025
-0.026
-0.027
-0.026
-0.025
-0.024
-0.022
-0.020
-0.018
-0.015
-0.013
-0.011
-0.010
-0.009
-0.008
-0.008
-0.007
-0.007
-0.006
-0.004
-0.003
-0.001
0.000
0.002
0.004
0.006
0.008
0.010
0.012
0.014
0.016
0.018
0.020
0.021
0.023
0.025
0.027
0.029
0.030
0.032
0.033
0.035
0.036
0.038
0.039
0.041
0.042
0.043
0.044
0.045
0.046
0.047
0.048
0.048
0.049
0.049
0.049
0.048
0.047
0.045
0.042
0.039
0.034
0.029
0.023
0.018
0.016
0.015
0.017
0.019
0.020
0.021
0.022
0.023
0.023
0.023
0.022
0.020
0.017
0.013
0.009
0.005
0.001
-0.001
-0.003
-0.005
-0.009
-0.016
-0.016
-0.024
-0.027
-0.029
-0.031
-0.033
-0.034
-0.035
-0.035
-0.036
-0.037
-0.039
-0.042
-0.044
-0.047
-0.050
-0.054
-0.056
-0.059
-0.061
-0.063
-0.064
-0.065
-0.066
-0.067
-0.068
-0.068
-0.068
-0.069
-0.069
-0.069
-0.068
-0.068
-0.067
-0.067
-0.066
-0.064
-0.063
-0.062
-0.060
-0.057
-0.057
-0.054
-0.061
-0.045
-0.056
-0.053
-0.050
-0.051
-0.050
-0.049
-0.048
-0.046
-0.045
-0.043
-0.041
-0.039
-0.036
-0.033
-0.029
-0.025
-0.021
-0.017
-0.014
-0.011
-0.007
-0.001
0.005
0.012
0.019
0.024
0.027
0.029
0.031
0.034
0.039
0.044
0.050
0.056
0.062
0.068
0.072
0.077
0.081
0.084
0.087
0.090
0.092
0.094
0.095
0.097
0.099
0.101
0.102
0.104
0.105
0.107
0.108
0.110
0.111
0.113
0.115
0.117
0.119
0.121
0.122
0.123
0.123
0.122
0.120
0.117
0.114
0.111
0.107
0.105
0.103
0.102
0.101
0.100
0.098
0.095
0.093
0.092
0.091
0.090
0.088
0.084
0.078
0.070
0.062
0.054
0.048
0.044
0.039
0.033
0.020
0.018
0.005
0.017
-0.023
-0.023
-0.015
0.004
-0.001
-0.034
-0.077
-0.082
-0.061
-0.044
-0.029
-0.029
-0.045
-0.065
-0.083
-0.078
-0.069
-0.095
-0.124
-0.095
-0.050
-0.066
-0.101
-0.106
-0.088
-0.090
-0.074
-0.112
-0.069
-0.114
-0.138
-0.132
-0.010
-0.058
-0.143
-0.137
-0.035
-0.052
-0.095
-0.080
-0.056
-0.059
-0.067
-0.063
-0.056
-0.057
-0.059
-0.057
-0.052
-0.045
-0.036
-0.031
-0.026
-0.015
-0.005
0.007
0.008
0.012
0.017
0.023
0.032
0.042
0.049
